3.59106997072  4.227420E-17
3.59123593601791  3.944696E-17
3.59140190131583  3.565070E-17
3.59156786661374  3.262711E-17
3.59173383191165  3.012851E-17
3.59189979720956  2.756956E-17
3.59206576250748  2.639785E-17
3.59223172780539  2.346275E-17
3.5923976931033  2.143600E-17
3.59256365840122  2.008104E-17
3.59272962369913  1.892456E-17
3.59289558899704  1.716843E-17
3.59306155429496  1.625855E-17
3.59322751959287  1.501554E-17
3.59339348489078  1.391846E-17
3.59355945018869  1.299656E-17
3.59372541548661  1.224298E-17
3.59389138078452  1.139740E-17
3.59405734608243  1.084980E-17
3.59422331138035  1.032780E-17
3.59438927667826  9.639396E-18
3.59455524197617  9.140526E-18
3.59472120727409  8.364888E-18
3.594887172572  7.934043E-18
3.59505313786991  7.558994E-18
3.59521910316782  7.192479E-18
3.59538506846574  6.876650E-18
3.59555103376365  6.520811E-18
3.59571699906156  6.231824E-18
3.59588296435948  5.911386E-18
3.59604892965739  5.654142E-18
3.5962148949553  5.387624E-18
3.59638086025322  5.157791E-18
3.59654682555113  4.962814E-18
3.59671279084904  4.723292E-18
3.59687875614695  4.562831E-18
3.59704472144487  4.356264E-18
3.59721068674278  4.213074E-18
3.59737665204069  4.070039E-18
3.59754261733861  3.860260E-18
3.59770858263652  3.722490E-18
3.59787454793443  3.618703E-18
3.59804051323235  3.473492E-18
3.59820647853026  3.338686E-18
3.59837244382817  3.247929E-18
3.59853840912609  3.095926E-18
3.598704374424  3.011622E-18
3.59887033972191  2.934832E-18
3.59903630501982  2.845933E-18
3.59920227031774  2.772722E-18
3.59936823561565  2.667631E-18
3.59953420091356  2.557569E-18
3.59970016621148  2.505002E-18
3.59986613150939  2.419961E-18
3.6000320968073  2.344985E-18
3.60019806210521  2.292600E-18
3.60036402740313  2.213656E-18
3.60052999270104  2.160294E-18
3.60069595799895  2.116395E-18
3.60086192329687  2.054956E-18
3.60102788859478  1.974713E-18
3.60119385389269  1.927345E-18
3.60135981919061  1.866987E-18
3.60152578448852  1.831370E-18
3.60169174978643  1.786380E-18
3.60185771508434  1.751710E-18
3.60202368038226  1.692049E-18
3.60218964568017  1.645394E-18
3.60235561097808  1.605543E-18
3.602521576276  1.572029E-18
3.60268754157391  1.534374E-18
3.60285350687182  1.508044E-18
3.60301947216974  1.472985E-18
3.60318543746765  1.427199E-18
3.60335140276556  1.406442E-18
3.60351736806347  1.374417E-18
3.60368333336139  1.333923E-18
3.6038492986593  1.301507E-18
3.60401526395721  1.266107E-18
3.60418122925513  1.240707E-18
3.60434719455304  1.239206E-18
3.60451315985095  1.196108E-18
3.60467912514887  1.160250E-18
3.60484509044678  1.147310E-18
3.60501105574469  1.120429E-18
3.6051770210426  1.128878E-18
3.60534298634052  1.069566E-18
3.60550895163843  1.070495E-18
3.60567491693634  1.045176E-18
3.60584088223426  1.030771E-18
3.60600684753217  1.005124E-18
3.60617281283008  1.004484E-18
3.606338778128  9.684331E-19
3.60650474342591  9.586842E-19
3.60667070872382  9.434056E-19
3.60683667402174  9.293938E-19
3.60700263931965  9.053278E-19
3.60716860461756  9.190310E-19
3.60733456991547  8.881105E-19
3.60750053521339  9.249917E-19
3.6076665005113  8.504836E-19
3.60783246580921  8.476116E-19
3.60799843110713  8.242924E-19
3.60816439640504  8.102382E-19
3.60833036170295  8.040153E-19
3.60849632700086  7.952219E-19
3.60866229229878  7.787983E-19
3.60882825759669  7.778914E-19
3.6089942228946  7.775173E-19
3.60916018819252  7.627790E-19
3.60932615349043  7.402182E-19
3.60949211878834  7.423414E-19
3.60965808408626  7.311602E-19
3.60982404938417  7.183659E-19
3.60999001468208  7.146058E-19
3.61015597998  7.128607E-19
3.61032194527791  6.934436E-19
3.61048791057582  6.786508E-19
3.61065387587373  6.922992E-19
3.61081984117165  6.823485E-19
3.61098580646956  6.717946E-19
3.61115177176747  6.609795E-19
3.61131773706539  6.619923E-19
3.6114837023633  6.494111E-19
3.61164966766121  6.457404E-19
3.61181563295912  6.343624E-19
3.61198159825704  6.284607E-19
3.61214756355495  6.238269E-19
3.61231352885286  6.132057E-19
3.61247949415078  6.098974E-19
3.61264545944869  5.947054E-19
3.6128114247466  5.858308E-19
3.61297739004452  5.764929E-19
3.61314335534243  5.737837E-19
3.61330932064034  5.770526E-19
3.61347528593825  5.699952E-19
3.61364125123617  5.688094E-19
3.61380721653408  5.690955E-19
3.61397318183199  5.548644E-19
3.61413914712991  5.525119E-19
3.61430511242782  5.562338E-19
3.61447107772573  5.559614E-19
3.61463704302365  5.483772E-19
3.61480300832156  5.378315E-19
3.61496897361947  5.602925E-19
3.61513493891738  5.471399E-19
3.6153009042153  5.295144E-19
3.61546686951321  5.287269E-19
3.61563283481112  5.279517E-19
3.61579880010904  5.238488E-19
3.61596476540695  5.220964E-19
3.61613073070486  5.302766E-19
3.61629669600278  5.099618E-19
3.61646266130069  5.111613E-19
3.6166286265986  5.110982E-19
3.61679459189651  5.095094E-19
3.61696055719443  5.045109E-19
3.61712652249234  5.007531E-19
3.61729248779025  4.962917E-19
3.61745845308817  4.978149E-19
3.61762441838608  4.961989E-19
3.61779038368399  4.937225E-19
3.61795634898191  4.848581E-19
3.61812231427982  4.915939E-19
3.61828827957773  4.932335E-19
3.61845424487565  4.884537E-19
3.61862021017356  4.934457E-19
3.61878617547147  4.834963E-19
3.61895214076938  4.900871E-19
3.6191181060673  4.845457E-19
3.61928407136521  4.868466E-19
3.61945003666312  4.875898E-19
3.61961600196104  4.911935E-19
3.61978196725895  4.858402E-19
3.61994793255686  4.917937E-19
3.62011389785477  4.882449E-19
3.62027986315269  4.790838E-19
3.6204458284506  4.637638E-19
3.62061179374851  4.767565E-19
3.62077775904643  4.790962E-19
3.62094372434434  4.737705E-19
3.62110968964225  4.819378E-19
3.62127565494017  4.803632E-19
3.62144162023808  4.778707E-19
3.62160758553599  4.732876E-19
3.62177355083391  4.784058E-19
3.62193951613182  4.727077E-19
3.62210548142973  4.774065E-19
3.62227144672764  4.788914E-19
3.62243741202556  4.808956E-19
3.62260337732347  4.847582E-19
3.62276934262138  4.829329E-19
3.6229353079193  4.881750E-19
3.62310127321721  4.765386E-19
3.62326723851512  4.901366E-19
3.62343320381303  4.847770E-19
3.62359916911095  4.871684E-19
3.62376513440886  4.933972E-19
3.62393109970677  4.955750E-19
3.62409706500469  4.940184E-19
3.6242630303026  4.889342E-19
3.62442899560051  4.980475E-19
3.62459496089843  5.002623E-19
3.62476092619634  4.984050E-19
3.62492689149425  4.988363E-19
3.62509285679216  4.982095E-19
3.62525882209008  5.039740E-19
3.62542478738799  5.061614E-19
3.6255907526859  5.045903E-19
3.62575671798382  5.042927E-19
3.62592268328173  4.920706E-19
3.62608864857964  4.961256E-19
3.62625461387756  5.096690E-19
3.62642057917547  5.143298E-19
3.62658654447338  5.122353E-19
3.6267525097713  5.135395E-19
3.62691847506921  5.107415E-19
3.62708444036712  5.232428E-19
3.62725040566503  5.153120E-19
3.62741637096295  5.140664E-19
3.62758233626086  5.181346E-19
3.62774830155877  5.160803E-19
3.62791426685669  5.183443E-19
3.6280802321546  5.204374E-19
3.62824619745251  5.178480E-19
3.62841216275042  5.129951E-19
3.62857812804834  5.237574E-19
3.62874409334625  5.261648E-19
3.62891005864416  5.185784E-19
3.62907602394208  5.183567E-19
3.62924198923999  5.207183E-19
3.6294079545379  5.110503E-19
3.62957391983582  5.145983E-19
3.62973988513373  5.149573E-19
3.62990585043164  5.158998E-19
3.63007181572956  5.180628E-19
3.63023778102747  5.159057E-19
3.63040374632538  5.177514E-19
3.63056971162329  5.019643E-19
3.63073567692121  5.148877E-19
3.63090164221912  5.084841E-19
3.63106760751703  5.143189E-19
3.63123357281495  5.127788E-19
3.63139953811286  5.092091E-19
3.63156550341077  5.069860E-19
3.63173146870868  5.019225E-19
3.6318974340066  5.113658E-19
3.63206339930451  4.983523E-19
3.63222936460242  4.978309E-19
3.63239532990034  4.932056E-19
3.63256129519825  4.923989E-19
3.63272726049616  4.963356E-19
3.63289322579408  4.902459E-19
3.63305919109199  4.838571E-19
3.6332251563899  4.802382E-19
3.63339112168782  4.763206E-19
3.63355708698573  4.752080E-19
3.63372305228364  4.714562E-19
3.63388901758155  4.680354E-19
3.63405498287947  4.694574E-19
3.63422094817738  4.640930E-19
3.63438691347529  4.638078E-19
3.63455287877321  4.523016E-19
3.63471884407112  4.570508E-19
3.63488480936903  4.551457E-19
3.63505077466694  4.550639E-19
3.63521673996486  4.555080E-19
3.63538270526277  4.527557E-19
3.63554867056068  4.427180E-19
3.6357146358586  4.409031E-19
3.63588060115651  4.262476E-19
3.63604656645442  4.249485E-19
3.63621253175234  4.297494E-19
3.63637849705025  4.281310E-19
3.63654446234816  4.287579E-19
3.63671042764607  4.205943E-19
3.63687639294399  4.183510E-19
3.6370423582419  4.228683E-19
3.63720832353981  4.086378E-19
3.63737428883773  4.092960E-19
3.63754025413564  3.995471E-19
3.63770621943355  3.927090E-19
3.63787218473147  3.958699E-19
3.63803815002938  3.953702E-19
3.63820411532729  3.866600E-19
3.63837008062521  3.890872E-19
3.63853604592312  3.838036E-19
3.63870201122103  3.720338E-19
3.63886797651894  3.801585E-19
3.63903394181686  3.745439E-19
3.63919990711477  3.742944E-19
3.63936587241268  3.847336E-19
3.6395318377106  3.853958E-19
3.63969780300851  3.680015E-19
3.63986376830642  3.609762E-19
3.64002973360433  3.622551E-19
3.64019569890225  3.516426E-19
3.64036166420016  3.555339E-19
3.64052762949807  3.462570E-19
3.64069359479599  3.465783E-19
3.6408595600939  3.407763E-19
3.64102552539181  3.407657E-19
3.64119149068973  3.420859E-19
3.64135745598764  3.376981E-19
3.64152342128555  3.519854E-19
3.64168938658346  3.275508E-19
3.64185535188138  3.162830E-19
3.64202131717929  3.228345E-19
3.6421872824772  3.272225E-19
3.64235324777512  3.201034E-19
3.64251921307303  3.210824E-19
3.64268517837094  3.254234E-19
3.64285114366886  3.177267E-19
3.64301710896677  3.130442E-19
3.64318307426468  3.170945E-19
3.64334903956259  3.161302E-19
3.64351500486051  3.090795E-19
3.64368097015842  3.156341E-19
3.64384693545633  3.043109E-19
3.64401290075425  3.114213E-19
3.64417886605216  3.098304E-19
3.64434483135007  3.135892E-19
3.64451079664799  3.090263E-19
3.6446767619459  3.149964E-19
3.64484272724381  3.054704E-19
3.64500869254172  3.077119E-19
3.64517465783964  3.034031E-19
3.64534062313755  3.052280E-19
3.64550658843546  3.127131E-19
3.64567255373338  2.985641E-19
3.64583851903129  3.039818E-19
3.6460044843292  3.005338E-19
3.64617044962712  2.997965E-19
3.64633641492503  3.000489E-19
3.64650238022294  2.954996E-19
3.64666834552085  2.989835E-19
3.64683431081877  2.913431E-19
3.64700027611668  2.980978E-19
3.64716624141459  3.016056E-19
3.64733220671251  2.975980E-19
3.64749817201042  2.923144E-19
3.64766413730833  2.919789E-19
3.64783010260625  2.944216E-19
3.64799606790416  3.074669E-19
3.64816203320207  2.925729E-19
3.64832799849998  2.991999E-19
3.6484939637979  2.994877E-19
3.64865992909581  2.888741E-19
3.64882589439372  2.862989E-19
3.64899185969164  2.878776E-19
3.64915782498955  2.894960E-19
3.64932379028746  2.861830E-19
3.64948975558538  2.847160E-19
3.64965572088329  2.907055E-19
3.6498216861812  2.919916E-19
3.64998765147912  2.985459E-19
3.65015361677703  2.957076E-19
3.65031958207494  3.009351E-19
3.65048554737285  3.062758E-19
3.65065151267077  1.193738E-18
3.65081747796868  5.276766E-18
3.65098344326659  4.711687E-18
3.65114940856451  4.457007E-18
3.65131537386242  4.224854E-18
3.65148133916033  3.997444E-18
3.65164730445824  3.790569E-18
3.65181326975616  3.577212E-18
3.65197923505407  3.384023E-18
3.65214520035198  3.226033E-18
3.6523111656499  3.081394E-18
3.65247713094781  2.914466E-18
3.65264309624572  2.783531E-18
3.65280906154364  2.655290E-18
3.65297502684155  2.555490E-18
3.65314099213946  2.445839E-18
3.65330695743737  2.330112E-18
3.65347292273529  2.232199E-18
3.6536388880332  2.149490E-18
3.65380485333111  2.156834E-18
3.65397081862903  1.961570E-18
3.65413678392694  1.874539E-18
3.65430274922485  1.828145E-18
3.65446871452277  1.753230E-18
3.65463467982068  1.674660E-18
3.65480064511859  1.609615E-18
3.6549666104165  1.560169E-18
3.65513257571442  1.508401E-18
3.65529854101233  1.460293E-18
3.65546450631024  1.277375E-18
3.65563047160816  8.027409E-19
3.65579643690607  8.362685E-19
3.65596240220398  7.556224E-19
3.6561283675019  7.273287E-19
3.65629433279981  7.008589E-19
3.65646029809772  7.074727E-19
3.65662626339563  6.747738E-19
3.65679222869355  7.565286E-19
3.65695819399146  3.826387E-19
3.65712415928937  3.623778E-19
3.65729012458729  3.547905E-19
3.6574560898852  3.635325E-19
3.65762205518311  3.600701E-19
3.65778802048103  3.567268E-19
3.65795398577894  3.489864E-19
3.65811995107685  3.562918E-19
3.65828591637477  3.603517E-19
3.65845188167268  3.546088E-19
3.65861784697059  3.528222E-19
3.6587838122685  3.562650E-19
3.65894977756642  3.549580E-19
3.65911574286433  3.524320E-19
3.65928170816224  3.525227E-19
3.65944767346016  3.515193E-19
3.65961363875807  3.528429E-19
3.65977960405598  3.567403E-19
3.65994556935389  3.548739E-19
3.66011153465181  3.507492E-19
3.66027749994972  3.525016E-19
3.66044346524763  3.540174E-19
3.66060943054555  3.547039E-19
3.66077539584346  3.560112E-19
3.66094136114137  3.564320E-19
3.66110732643929  3.549973E-19
3.6612732917372  3.529773E-19
3.66143925703511  3.573135E-19
3.66160522233302  3.632193E-19
3.66177118763094  3.561563E-19
3.66193715292885  3.506517E-19
3.66210311822676  3.560172E-19
3.66226908352468  3.508920E-19
3.66243504882259  3.509496E-19
3.6626010141205  3.549250E-19
3.66276697941842  3.480885E-19
3.66293294471633  3.509381E-19
3.66309891001424  3.517296E-19
3.66326487531215  3.470810E-19
3.66343084061007  3.480491E-19
3.66359680590798  3.535500E-19
3.66376277120589  3.496796E-19
3.66392873650381  3.448601E-19
3.66409470180172  3.570162E-19
3.66426066709963  3.460285E-19
3.66442663239755  3.454828E-19
3.66459259769546  3.416852E-19
3.66475856299337  3.404311E-19
3.66492452829128  3.473206E-19
3.6650904935892  3.379230E-19
3.66525645888711  3.391726E-19
3.66542242418502  3.352806E-19
3.66558838948294  3.320220E-19
3.66575435478085  3.330161E-19
3.66592032007876  3.541782E-19
3.66608628537668  3.312463E-19
3.66625225067459  3.262582E-19
3.6664182159725  3.279477E-19
3.66658418127041  3.214242E-19
3.66675014656833  3.229554E-19
3.66691611186624  3.209157E-19
3.66708207716415  3.151864E-19
3.66724804246207  3.144638E-19
3.66741400775998  3.130331E-19
3.66757997305789  3.130978E-19
3.66774593835581  3.133265E-19
3.66791190365372  3.061638E-19
3.66807786895163  3.151662E-19
3.66824383424954  3.096476E-19
3.66840979954746  3.071831E-19
3.66857576484537  3.056413E-19
3.66874173014328  3.027691E-19
3.6689076954412  2.988143E-19
3.66907366073911  2.918038E-19
3.66923962603702  2.944906E-19
3.66940559133494  2.922411E-19
3.66957155663285  2.895621E-19
3.66973752193076  2.878241E-19
3.66990348722868  2.859874E-19
3.67006945252659  2.826513E-19
3.6702354178245  2.793271E-19
3.67040138312241  2.855183E-19
3.67056734842033  2.785394E-19
3.67073331371824  2.770313E-19
3.67089927901615  2.762672E-19
3.67106524431407  2.707065E-19
3.67123120961198  2.701831E-19
3.67139717490989  2.687995E-19
3.6715631402078  2.653961E-19
3.67172910550572  2.665396E-19
3.67189507080363  2.613935E-19
3.67206103610154  2.602987E-19
3.67222700139946  2.598515E-19
3.67239296669737  2.562903E-19
3.67255893199528  2.551448E-19
3.6727248972932  2.551512E-19
3.67289086259111  2.526710E-19
3.67305682788902  2.545296E-19
3.67322279318694  2.523553E-19
3.67338875848485  2.508321E-19
3.67355472378276  2.519242E-19
3.67372068908067  2.510182E-19
3.67388665437859  2.647074E-19
3.6740526196765  2.471344E-19
3.67421858497441  2.444678E-19
3.67438455027233  2.481988E-19
3.67455051557024  2.424684E-19
3.67471648086815  2.626757E-19
3.67488244616606  2.382275E-19
3.67504841146398  2.366512E-19
3.67521437676189  2.391776E-19
3.6753803420598  2.376530E-19
3.67554630735772  2.369748E-19
3.67571227265563  2.370747E-19
3.67587823795354  2.348720E-19
3.67604420325146  2.359127E-19
3.67621016854937  2.327209E-19
3.67637613384728  2.337695E-19
3.67654209914519  2.318844E-19
3.67670806444311  2.324481E-19
3.67687402974102  2.303271E-19
3.67703999503893  2.277694E-19
3.67720596033685  2.299322E-19
3.67737192563476  2.268766E-19
3.67753789093267  2.306876E-19
3.67770385623059  2.290569E-19
3.6778698215285  2.261276E-19
3.67803578682641  2.262887E-19
3.67820175212432  2.264264E-19
3.67836771742224  2.270685E-19
3.67853368272015  2.263597E-19
3.67869964801806  2.255042E-19
3.67886561331598  2.274184E-19
3.67903157861389  2.259479E-19
3.6791975439118  2.263900E-19
3.67936350920972  2.272294E-19
3.67952947450763  2.260421E-19
3.67969543980554  2.305598E-19
3.67986140510345  2.271420E-19
3.68002737040137  2.270991E-19
3.68019333569928  2.230684E-19
3.68035930099719  2.240209E-19
3.68052526629511  2.259785E-19
3.68069123159302  2.269074E-19
3.68085719689093  2.263653E-19
3.68102316218885  2.258718E-19
3.68118912748676  2.238755E-19
3.68135509278467  2.261068E-19
3.68152105808259  2.295763E-19
3.6816870233805  2.265620E-19
3.68185298867841  2.242974E-19
3.68201895397632  2.170067E-19
3.68218491927424  2.393435E-19
3.68235088457215  2.252519E-19
3.68251684987006  2.249327E-19
3.68268281516798  2.296488E-19
3.68284878046589  2.291716E-19
3.6830147457638  2.301509E-19
3.68318071106171  2.313093E-19
3.68334667635963  2.254381E-19
3.68351264165754  2.293343E-19
3.68367860695545  2.288792E-19
3.68384457225337  2.292650E-19
3.68401053755128  2.312955E-19
3.68417650284919  2.314881E-19
3.68434246814711  2.324296E-19
3.68450843344502  2.311595E-19
3.68467439874293  2.337183E-19
3.68484036404085  2.320542E-19
3.68500632933876  2.340413E-19
3.68517229463667  2.321966E-19
3.68533825993458  2.336183E-19
3.6855042252325  2.348379E-19
3.68567019053041  2.289995E-19
3.68583615582832  2.354997E-19
3.68600212112624  2.351407E-19
3.68616808642415  2.308151E-19
3.68633405172206  2.319012E-19
3.68650001701997  2.309355E-19
3.68666598231789  2.332432E-19
3.6868319476158  2.346379E-19
3.68699791291371  2.320097E-19
3.68716387821163  2.374441E-19
3.68732984350954  2.376880E-19
3.68749580880745  2.452272E-19
3.68766177410537  2.340471E-19
3.68782773940328  2.386827E-19
3.68799370470119  2.394635E-19
3.6881596699991  2.427594E-19
3.68832563529702  2.430339E-19
3.68849160059493  2.458970E-19
3.68865756589284  2.457270E-19
3.68882353119076  2.472189E-19
3.68898949648867  2.458244E-19
3.68915546178658  2.451113E-19
3.6893214270845  2.472916E-19
3.68948739238241  2.496656E-19
3.68965335768032  2.513705E-19
3.68981932297824  2.500804E-19
3.68998528827615  2.529515E-19
3.69015125357406  2.508701E-19
3.69031721887197  2.540540E-19
3.69048318416989  2.497079E-19
3.6906491494678  2.558706E-19
3.69081511476571  2.554496E-19
3.69098108006363  2.537785E-19
3.69114704536154  2.512259E-19
3.69131301065945  2.673103E-19
3.69147897595736  2.606956E-19
3.69164494125528  2.647530E-19
3.69181090655319  2.542292E-19
3.6919768718511  2.541341E-19
3.69214283714902  2.586338E-19
3.69230880244693  2.580982E-19
3.69247476774484  2.612169E-19
3.69264073304276  2.594546E-19
3.69280669834067  2.608448E-19
3.69297266363858  2.625450E-19
3.69313862893649  2.613651E-19
3.69330459423441  2.655361E-19
3.69347055953232  2.680751E-19
3.69363652483023  2.603456E-19
3.69380249012815  2.645588E-19
3.69396845542606  2.633778E-19
3.69413442072397  2.698854E-19
3.69430038602189  2.693640E-19
3.6944663513198  2.644075E-19
3.69463231661771  2.626580E-19
3.69479828191562  2.632317E-19
3.69496424721354  2.645729E-19
3.69513021251145  2.624078E-19
3.69529617780936  2.575570E-19
3.69546214310728  2.631431E-19
3.69562810840519  2.612363E-19
3.6957940737031  2.623151E-19
3.69596003900102  2.598121E-19
3.69612600429893  2.623204E-19
3.69629196959684  2.590685E-19
3.69645793489476  2.600975E-19
3.69662390019267  2.623010E-19
3.69678986549058  2.602553E-19
3.69695583078849  2.593627E-19
3.69712179608641  2.574306E-19
3.69728776138432  2.592399E-19
3.69745372668223  2.564506E-19
3.69761969198015  2.538953E-19
3.69778565727806  2.547317E-19
3.69795162257597  2.549905E-19
3.69811758787388  2.534452E-19
3.6982835531718  2.547459E-19
3.69844951846971  2.521580E-19
3.69861548376762  2.526829E-19
3.69878144906554  2.503465E-19
3.69894741436345  2.474753E-19
3.69911337966136  2.477121E-19
3.69927934495928  2.504890E-19
3.69944531025719  2.439447E-19
3.6996112755551  2.456513E-19
3.69977724085301  2.455219E-19
3.69994320615093  2.417576E-19
3.70010917144884  2.388283E-19
3.70027513674675  2.408602E-19
3.70044110204467  2.405897E-19
3.70060706734258  2.367858E-19
3.70077303264049  2.372975E-19
3.70093899793841  2.332057E-19
3.70110496323632  2.506969E-19
3.70127092853423  2.474903E-19
3.70143689383215  2.450715E-19
3.70160285913006  2.464245E-19
3.70176882442797  2.446814E-19
3.70193478972588  2.413729E-19
3.7021007550238  2.364699E-19
3.70226672032171  2.367995E-19
3.70243268561962  2.292799E-19
3.70259865091754  2.296033E-19
3.70276461621545  2.315176E-19
3.70293058151336  2.301970E-19
3.70309654681127  2.263855E-19
3.70326251210919  2.242670E-19
3.7034284774071  2.222334E-19
3.70359444270501  2.221217E-19
3.70376040800293  2.214447E-19
3.70392637330084  2.199138E-19
3.70409233859875  2.180606E-19
3.70425830389667  2.184683E-19
3.70442426919458  2.166886E-19
3.70459023449249  2.091328E-19
3.7047561997904  2.114922E-19
3.70492216508832  2.104974E-19
3.70508813038623  2.097549E-19
3.70525409568414  2.095599E-19
3.70542006098206  2.048895E-19
3.70558602627997  2.061731E-19
3.70575199157788  2.045024E-19
3.7059179568758  2.014797E-19
3.70608392217371  2.000327E-19
3.70624988747162  2.015857E-19
3.70641585276953  2.015065E-19
3.70658181806745  2.007438E-19
3.70674778336536  2.011300E-19
3.70691374866327  1.996214E-19
3.70707971396119  1.989187E-19
3.7072456792591  1.940139E-19
3.70741164455701  1.912201E-19
3.70757760985493  1.934505E-19
3.70774357515284  1.954226E-19
3.70790954045075  1.926397E-19
3.70807550574866  1.913330E-19
3.70824147104658  1.876299E-19
3.70840743634449  1.876733E-19
3.7085734016424  1.906634E-19
3.70873936694032  1.887802E-19
3.70890533223823  1.878057E-19
3.70907129753614  1.869919E-19
3.70923726283406  1.871300E-19
3.70940322813197  1.873468E-19
3.70956919342988  1.821306E-19
3.7097351587278  1.826604E-19
3.70990112402571  1.818040E-19
3.71006708932362  1.813005E-19
3.71023305462153  1.841156E-19
3.71039901991945  1.827438E-19
3.71056498521736  1.840842E-19
3.71073095051527  1.805398E-19
3.71089691581319  1.783822E-19
3.7110628811111  1.833708E-19
3.71122884640901  1.805124E-19
3.71139481170692  1.802667E-19
3.71156077700484  1.803870E-19
3.71172674230275  1.803402E-19
3.71189270760066  1.811497E-19
3.71205867289858  1.783320E-19
3.71222463819649  1.775599E-19
3.7123906034944  1.784701E-19
3.71255656879232  1.782353E-19
3.71272253409023  1.784084E-19
3.71288849938814  1.769450E-19
3.71305446468606  1.751021E-19
3.71322042998397  1.763005E-19
3.71338639528188  1.773313E-19
3.71355236057979  1.741618E-19
3.71371832587771  1.645523E-19
3.71388429117562  1.816369E-19
3.71405025647353  1.753109E-19
3.71421622177145  1.784246E-19
3.71438218706936  1.748125E-19
3.71454815236727  1.661448E-19
3.71471411766518  1.672032E-19
3.7148800829631  1.767980E-19
3.71504604826101  1.768022E-19
3.71521201355892  1.760069E-19
3.71537797885684  1.717555E-19
3.71554394415475  1.756086E-19
3.71570990945266  1.803005E-19
3.71587587475058  2.241253E-19
3.71604184004849  2.075003E-19
3.7162078053464  1.812773E-19
3.71637377064431  1.741179E-19
3.71653973594223  1.698760E-19
3.71670570124014  1.722849E-19
3.71687166653805  1.778336E-19
3.71703763183597  1.770062E-19
3.71720359713388  1.750315E-19
3.71736956243179  1.765665E-19
3.71753552772971  1.770657E-19
3.71770149302762  1.784892E-19
3.71786745832553  1.772904E-19
3.71803342362344  1.829007E-19
3.71819938892136  1.725647E-19
3.71836535421927  1.754158E-19
3.71853131951718  1.778327E-19
3.7186972848151  1.785190E-19
3.71886325011301  1.773631E-19
3.71902921541092  1.798311E-19
3.71919518070884  1.888549E-19
3.71936114600675  1.814761E-19
3.71952711130466  1.795064E-19
3.71969307660257  1.814940E-19
3.71985904190049  1.797637E-19
3.7200250071984  1.854679E-19
3.72019097249631  1.828990E-19
3.72035693779423  1.806719E-19
3.72052290309214  1.817213E-19
3.72068886839005  1.905234E-19
3.72085483368797  1.843868E-19
3.72102079898588  1.874801E-19
3.72118676428379  1.806930E-19
3.72135272958171  1.795095E-19
3.72151869487962  1.781548E-19
3.72168466017753  1.809214E-19
3.72185062547544  1.808305E-19
3.72201659077336  1.842573E-19
3.72218255607127  1.862074E-19
3.72234852136918  1.904765E-19
3.7225144866671  1.884558E-19
3.72268045196501  1.875506E-19
3.72284641726292  1.891697E-19
3.72301238256083  1.874170E-19
3.72317834785875  1.917061E-19
3.72334431315666  1.949860E-19
3.72351027845457  1.921726E-19
3.72367624375249  1.903955E-19
3.7238422090504  1.938078E-19
3.72400817434831  1.912092E-19
3.72417413964623  1.933463E-19
3.72434010494414  1.913280E-19
3.72450607024205  1.936455E-19
3.72467203553997  1.961765E-19
3.72483800083788  1.959780E-19
3.72500396613579  1.959033E-19
3.7251699314337  1.966046E-19
3.72533589673162  1.996517E-19
3.72550186202953  1.964276E-19
3.72566782732744  1.958921E-19
3.72583379262536  1.994822E-19
3.72599975792327  1.990372E-19
3.72616572322118  1.985742E-19
3.72633168851909  1.993402E-19
3.72649765381701  1.999327E-19
3.72666361911492  1.976662E-19
3.72682958441283  2.027491E-19
3.72699554971075  2.013287E-19
3.72716151500866  2.006353E-19
3.72732748030657  2.017985E-19
3.72749344560449  2.005985E-19
3.7276594109024  2.001288E-19
3.72782537620031  2.021032E-19
3.72799134149822  2.003484E-19
3.72815730679614  2.024822E-19
3.72832327209405  2.059689E-19
3.72848923739196  2.041218E-19
3.72865520268988  2.020934E-19
3.72882116798779  2.051476E-19
3.7289871332857  2.063530E-19
3.72915309858362  2.035324E-19
3.72931906388153  2.030124E-19
3.72948502917944  2.035960E-19
3.72965099447735  2.016640E-19
3.72981695977527  2.052754E-19
3.72998292507318  2.011295E-19
3.73014889037109  2.021085E-19
3.73031485566901  2.039926E-19
3.73048082096692  2.043758E-19
3.73064678626483  2.034731E-19
3.73081275156275  2.028288E-19
3.73097871686066  2.021658E-19
3.73114468215857  2.021303E-19
3.73131064745648  2.031597E-19
3.7314766127544  2.018645E-19
3.73164257805231  2.015257E-19
3.73180854335022  2.007202E-19
3.73197450864814  2.039417E-19
3.73214047394605  1.986451E-19
3.73230643924396  2.047837E-19
3.73247240454188  1.998104E-19
3.73263836983979  1.983768E-19
3.7328043351377  1.973389E-19
3.73297030043562  1.998907E-19
3.73313626573353  1.976021E-19
3.73330223103144  1.965189E-19
3.73346819632935  1.987075E-19
3.73363416162727  1.962388E-19
3.73380012692518  1.982602E-19
3.73396609222309  1.973239E-19
3.73413205752101  1.957798E-19
3.73429802281892  1.941677E-19
3.73446398811683  1.949313E-19
3.73462995341474  1.946408E-19
3.73479591871266  1.922930E-19
3.73496188401057  1.935071E-19
3.73512784930848  1.912154E-19
3.7352938146064  1.925165E-19
3.73545977990431  1.913514E-19
3.73562574520222  1.906723E-19
3.73579171050014  1.894625E-19
3.73595767579805  1.890832E-19
3.73612364109596  1.849444E-19
3.73628960639388  1.885519E-19
3.73645557169179  1.875143E-19
3.7366215369897  1.873159E-19
3.73678750228761  1.831478E-19
3.73695346758553  1.876079E-19
3.73711943288344  1.866252E-19
3.73728539818135  1.873099E-19
3.73745136347927  1.804341E-19
3.73761732877718  1.832721E-19
3.73778329407509  1.812130E-19
3.737949259373  1.827744E-19
3.73811522467092  1.807884E-19
3.73828118996883  1.793618E-19
3.73844715526674  1.757433E-19
3.73861312056466  1.819125E-19
3.73877908586257  1.870200E-19
3.73894505116048  1.859468E-19
3.7391110164584  1.856381E-19
3.73927698175631  2.046600E-19
3.73944294705422  1.824204E-19
3.73960891235213  1.824294E-19
3.73977487765005  1.802917E-19
3.73994084294796  1.782889E-19
3.74010680824587  1.785834E-19
3.74027277354379  1.790192E-19
3.7404387388417  1.756262E-19
3.74060470413961  1.751124E-19
3.74077066943753  1.742914E-19
3.74093663473544  1.729036E-19
3.74110260003335  1.735584E-19
3.74126856533127  1.727308E-19
3.74143453062918  1.694317E-19
3.74160049592709  1.702387E-19
3.741766461225  1.810398E-19
3.74193242652292  1.695212E-19
3.74209839182083  1.680104E-19
3.74226435711874  1.671322E-19
3.74243032241666  1.641026E-19
3.74259628771457  1.612789E-19
3.74276225301248  1.641102E-19
3.74292821831039  1.631773E-19
3.74309418360831  1.621565E-19
3.74326014890622  1.622937E-19
3.74342611420413  1.617670E-19
3.74359207950205  1.640984E-19
3.74375804479996  1.650208E-19
3.74392401009787  1.653379E-19
3.74408997539579  1.597134E-19
3.7442559406937  1.621405E-19
3.74442190599161  1.591714E-19
3.74458787128953  1.572914E-19
3.74475383658744  1.677183E-19
3.74491980188535  1.572373E-19
3.74508576718326  1.565664E-19
3.74525173248118  1.578074E-19
3.74541769777909  1.673179E-19
3.745583663077  1.556013E-19
3.74574962837492  1.574197E-19
3.74591559367283  1.575991E-19
3.74608155897074  1.556499E-19
3.74624752426865  1.611690E-19
3.74641348956657  3.910832E-19
3.74657945486448  1.645621E-19
3.74674542016239  1.579805E-19
3.74691138546031  1.542840E-19
3.74707735075822  1.519385E-19
3.74724331605613  1.527257E-19
3.74740928135405  1.576301E-19
3.74757524665196  1.498747E-19
3.74774121194987  1.492178E-19
3.74790717724779  1.518260E-19
3.7480731425457  1.543226E-19
3.74823910784361  1.516277E-19
3.74840507314152  1.474482E-19
3.74857103843944  1.623260E-19
3.74873700373735  1.504706E-19
3.74890296903526  1.501864E-19
3.74906893433318  1.482867E-19
3.74923489963109  1.488580E-19
3.749400864929  1.445578E-19
3.74956683022691  1.506598E-19
3.74973279552483  1.472711E-19
3.74989876082274  1.482873E-19
3.75006472612065  1.543503E-19
3.75023069141857  1.474092E-19
3.75039665671648  1.473430E-19
3.75056262201439  1.490415E-19
3.75072858731231  1.464216E-19
3.75089455261022  1.468634E-19
3.75106051790813  1.462762E-19
3.75122648320604  1.492415E-19
3.75139244850396  1.462433E-19
3.75155841380187  1.493050E-19
3.75172437909978  1.518064E-19
3.7518903443977  1.476593E-19
3.75205630969561  1.462943E-19
3.75222227499352  1.480510E-19
3.75238824029144  1.465990E-19
3.75255420558935  1.488967E-19
3.75272017088726  1.447550E-19
3.75288613618518  1.472614E-19
3.75305210148309  1.493465E-19
3.753218066781  1.489014E-19
3.75338403207891  1.477307E-19
3.75354999737683  1.510529E-19
3.75371596267474  1.496740E-19
3.75388192797265  1.500842E-19
3.75404789327057  1.505769E-19
3.75421385856848  1.499542E-19
3.75437982386639  1.511294E-19
3.7545457891643  1.516945E-19
3.75471175446222  1.511928E-19
3.75487771976013  1.516293E-19
3.75504368505804  1.570436E-19
3.75520965035596  1.532664E-19
3.75537561565387  1.528994E-19
3.75554158095178  1.544765E-19
3.7557075462497  1.541250E-19
3.75587351154761  1.531217E-19
3.75603947684552  1.533464E-19
3.75620544214343  1.534127E-19
3.75637140744135  1.525970E-19
3.75653737273926  1.517665E-19
3.75670333803717  1.522770E-19
3.75686930333509  1.562552E-19
3.757035268633  1.543461E-19
3.75720123393091  1.559124E-19
3.75736719922883  1.566825E-19
3.75753316452674  1.565113E-19
3.75769912982465  1.566117E-19
3.75786509512256  1.579629E-19
3.75803106042048  1.568627E-19
3.75819702571839  1.564285E-19
3.7583629910163  1.579403E-19
3.75852895631422  1.577853E-19
3.75869492161213  1.570055E-19
3.75886088691004  1.591016E-19
3.75902685220796  1.572591E-19
3.75919281750587  1.589179E-19
3.75935878280378  1.587337E-19
3.75952474810169  1.581199E-19
3.75969071339961  1.611984E-19
3.75985667869752  1.584369E-19
3.76002264399543  1.591123E-19
3.76018860929335  1.605774E-19
3.76035457459126  1.601643E-19
3.76052053988917  1.604215E-19
3.76068650518709  1.638586E-19
3.760852470485  1.616781E-19
3.76101843578291  1.622468E-19
3.76118440108082  1.614892E-19
3.76135036637874  1.623285E-19
3.76151633167665  1.615920E-19
3.76168229697456  1.627621E-19
3.76184826227248  1.630596E-19
3.76201422757039  1.652164E-19
3.7621801928683  1.633904E-19
3.76234615816622  1.749328E-19
3.76251212346413  1.641898E-19
3.76267808876204  1.645758E-19
3.76284405405995  1.644405E-19
3.76301001935787  1.660112E-19
3.76317598465578  1.653647E-19
3.76334194995369  1.653364E-19
3.76350791525161  1.664206E-19
3.76367388054952  1.673066E-19
3.76383984584743  1.662232E-19
3.76400581114535  1.702496E-19
3.76417177644326  1.678094E-19
3.76433774174117  1.684494E-19
3.76450370703909  1.685994E-19
3.764669672337  1.679325E-19
3.76483563763491  1.710807E-19
3.76500160293282  1.692582E-19
3.76516756823074  1.698430E-19
3.76533353352865  1.700821E-19
3.76549949882656  1.710482E-19
3.76566546412448  1.708404E-19
3.76583142942239  1.713902E-19
3.7659973947203  1.712108E-19
3.76616336001821  1.715366E-19
3.76632932531613  1.741015E-19
3.76649529061404  1.710703E-19
3.76666125591195  1.709160E-19
3.76682722120987  1.720094E-19
3.76699318650778  1.721948E-19
3.76715915180569  1.713523E-19
3.76732511710361  1.729782E-19
3.76749108240152  1.722909E-19
3.76765704769943  1.723054E-19
3.76782301299734  1.711337E-19
3.76798897829526  1.734624E-19
3.76815494359317  1.732140E-19
3.76832090889108  1.905943E-19
3.768486874189  1.931066E-19
3.76865283948691  1.776388E-19
3.76881880478482  1.789041E-19
3.76898477008274  1.773426E-19
3.76915073538065  1.744917E-19
3.76931670067856  1.744273E-19
3.76948266597647  1.757345E-19
3.76964863127439  1.756483E-19
3.7698145965723  1.768128E-19
3.76998056187021  2.157505E-19
3.77014652716813  2.645892E-19
3.77031249246604  1.768584E-19
3.77047845776395  2.295204E-19
3.77064442306187  2.040930E-19
3.77081038835978  1.744455E-19
3.77097635365769  1.754099E-19
3.7711423189556  1.773272E-19
3.77130828425352  1.830595E-19
3.77147424955143  1.760391E-19
3.77164021484934  1.760317E-19
3.77180618014726  1.740548E-19
3.77197214544517  1.980687E-19
3.77213811074308  1.747992E-19
3.772304076041  1.732407E-19
3.77247004133891  1.737396E-19
3.77263600663682  1.845706E-19
3.77280197193474  1.732198E-19
3.77296793723265  1.712634E-19
3.77313390253056  1.725311E-19
3.77329986782847  1.965499E-19
3.77346583312639  1.706731E-19
3.7736317984243  1.702601E-19
3.77379776372221  1.709791E-19
3.77396372902013  1.707102E-19
3.77412969431804  1.739019E-19
3.77429565961595  1.747803E-19
3.77446162491386  1.677999E-19
3.77462759021178  1.686462E-19
3.77479355550969  1.914236E-19
3.7749595208076  1.682759E-19
3.77512548610552  1.676571E-19
3.77529145140343  1.680446E-19
3.77545741670134  1.677122E-19
3.77562338199926  1.673681E-19
3.77578934729717  1.660892E-19
3.77595531259508  1.726641E-19
3.776121277893  1.649943E-19
3.77628724319091  1.837544E-19
3.77645320848882  2.003795E-19
3.77661917378673  1.824475E-19
3.77678513908465  1.798155E-19
3.77695110438256  1.772319E-19
3.77711706968047  1.765201E-19
3.77728303497839  1.757701E-19
3.7774490002763  1.744790E-19
3.77761496557421  1.725246E-19
3.77778093087212  1.715905E-19
3.77794689617004  1.752084E-19
3.77811286146795  1.706120E-19
3.77827882676586  1.676706E-19
3.77844479206378  1.780000E-19
3.77861075736169  1.648995E-19
3.7787767226596  1.624585E-19
3.77894268795752  1.642925E-19
3.77910865325543  1.612934E-19
3.77927461855334  1.602763E-19
3.77944058385125  1.601601E-19
3.77960654914917  1.571955E-19
3.77977251444708  1.573446E-19
3.77993847974499  1.568356E-19
3.78010444504291  1.573822E-19
3.78027041034082  1.570349E-19
3.78043637563873  1.553021E-19
3.78060234093665  1.588441E-19
3.78076830623456  1.526476E-19
3.78093427153247  1.524120E-19
3.78110023683038  1.509261E-19
3.7812662021283  1.508836E-19
3.78143216742621  1.494783E-19
3.78159813272412  1.490570E-19
3.78176409802204  1.478969E-19
3.78193006331995  1.459289E-19
3.78209602861786  1.463738E-19
3.78226199391578  1.457155E-19
3.78242795921369  1.459429E-19
3.7825939245116  1.466801E-19
3.78275988980951  1.432340E-19
3.78292585510743  1.441900E-19
3.78309182040534  1.462053E-19
3.78325778570325  1.418178E-19
3.78342375100117  1.415938E-19
3.78358971629908  1.397781E-19
3.78375568159699  1.388078E-19
3.78392164689491  1.397962E-19
3.78408761219282  1.390304E-19
3.78425357749073  1.392084E-19
3.78441954278865  1.388740E-19
3.78458550808656  1.375008E-19
3.78475147338447  1.371569E-19
3.78491743868238  1.376752E-19
3.7850834039803  1.376560E-19
3.78524936927821  1.395391E-19
3.78541533457612  1.340533E-19
3.78558129987404  1.352872E-19
3.78574726517195  1.356897E-19
3.78591323046986  1.343844E-19
3.78607919576777  1.350029E-19
3.78624516106569  1.355692E-19
3.7864111263636  1.341769E-19
3.78657709166151  1.336933E-19
3.78674305695943  1.338446E-19
3.78690902225734  1.301945E-19
3.78707498755525  1.325412E-19
3.78724095285317  1.315144E-19
3.78740691815108  1.308735E-19
3.78757288344899  1.304172E-19
3.78773884874691  1.316291E-19
3.78790481404482  1.318543E-19
3.78807077934273  1.399892E-19
3.78823674464064  1.377393E-19
3.78840270993856  1.369804E-19
3.78856867523647  1.345632E-19
3.78873464053438  1.296859E-19
3.7889006058323  1.316460E-19
3.78906657113021  1.313983E-19
3.78923253642812  1.295780E-19
3.78939850172603  1.301766E-19
3.78956446702395  1.293600E-19
3.78973043232186  1.256242E-19
3.78989639761977  1.282804E-19
3.79006236291769  1.276609E-19
3.7902283282156  1.326716E-19
3.79039429351351  1.387884E-19
3.79056025881143  1.281119E-19
3.79072622410934  1.336012E-19
3.79089218940725  1.282066E-19
3.79105815470516  1.275799E-19
3.79122412000308  1.299195E-19
3.79139008530099  1.280478E-19
3.7915560505989  1.285975E-19
3.79172201589682  1.265196E-19
3.79188798119473  1.321066E-19
3.79205394649264  1.360367E-19
3.79221991179056  1.271618E-19
3.79238587708847  1.265384E-19
3.79255184238638  1.417425E-19
3.7927178076843  1.272141E-19
3.79288377298221  1.276393E-19
3.79304973828012  1.271804E-19
3.79321570357803  1.297798E-19
3.79338166887595  1.303593E-19
3.79354763417386  1.270353E-19
3.79371359947177  1.266499E-19
3.79387956476969  1.428726E-19
3.7940455300676  1.284576E-19
3.79421149536551  1.311574E-19
3.79437746066342  1.364632E-19
3.79454342596134  1.268354E-19
3.79470939125925  1.380774E-19
3.79487535655716  1.758497E-19
3.79504132185508  1.397433E-19
3.79520728715299  1.416357E-19
3.7953732524509  1.419500E-19
3.79553921774882  1.306714E-19
3.79570518304673  1.402930E-19
3.79587114834464  1.293783E-19
3.79603711364256  1.280845E-19
3.79620307894047  1.287695E-19
3.79636904423838  1.593146E-19
3.79653500953629  1.403771E-19
3.79670097483421  1.336255E-19
3.79686694013212  1.425802E-19
3.79703290543003  1.378531E-19
3.79719887072795  1.352702E-19
3.79736483602586  1.318465E-19
3.79753080132377  1.327938E-19
3.79769676662168  1.409248E-19
3.7978627319196  1.453248E-19
3.79802869721751  1.337863E-19
3.79819466251542  1.340462E-19
3.79836062781334  1.402741E-19
3.79852659311125  1.646656E-19
3.79869255840916  1.366997E-19
3.79885852370708  1.365692E-19
3.79902448900499  1.408918E-19
3.7991904543029  1.609420E-19
3.79935641960082  3.405916E-19
3.79952238489873  1.420503E-19
3.79968835019664  1.420099E-19
3.79985431549455  1.733036E-19
3.80002028079247  1.374536E-19
3.80018624609038  1.358633E-19
3.80035221138829  1.347599E-19
3.80051817668621  1.344388E-19
3.80068414198412  1.359844E-19
3.80085010728203  1.609546E-19
3.80101607257994  1.365140E-19
3.80118203787786  1.362186E-19
3.80134800317577  1.647250E-19
3.80151396847368  1.403785E-19
3.8016799337716  1.357001E-19
3.80184589906951  1.413074E-19
3.80201186436742  1.369943E-19
3.80217782966534  1.377819E-19
3.80234379496325  1.385548E-19
3.80250976026116  1.368019E-19
3.80267572555907  1.502836E-19
3.80284169085699  1.381856E-19
3.8030076561549  1.377896E-19
3.80317362145281  1.629517E-19
3.80333958675073  1.395791E-19
3.80350555204864  1.411047E-19
3.80367151734655  2.172665E-19
3.80383748264447  1.527223E-19
3.80400344794238  1.396264E-19
3.80416941324029  1.411644E-19
3.80433537853821  1.419271E-19
3.80450134383612  1.392289E-19
3.80466730913403  1.413432E-19
3.80483327443194  1.446829E-19
3.80499923972986  1.406652E-19
3.80516520502777  1.465978E-19
3.80533117032568  1.487047E-19
3.8054971356236  1.402965E-19
3.80566310092151  1.404102E-19
3.80582906621942  1.400238E-19
3.80599503151733  1.412845E-19
3.80616099681525  1.387244E-19
3.80632696211316  1.427069E-19
3.80649292741107  1.411070E-19
3.80665889270899  1.447729E-19
3.8068248580069  1.417430E-19
3.80699082330481  1.416983E-19
3.80715678860273  1.451425E-19
3.80732275390064  1.410310E-19
3.80748871919855  1.465743E-19
3.80765468449646  1.444143E-19
3.80782064979438  1.435970E-19
3.80798661509229  1.425849E-19
3.8081525803902  1.427398E-19
3.80831854568812  1.421541E-19
3.80848451098603  1.433353E-19
3.80865047628394  1.432031E-19
3.80881644158186  1.414250E-19
3.80898240687977  1.438967E-19
3.80914837217768  1.437551E-19
3.80931433747559  1.437016E-19
3.80948030277351  1.451233E-19
3.80964626807142  1.474616E-19
3.80981223336933  1.467179E-19
3.80997819866725  1.453128E-19
3.81014416396516  1.496093E-19
3.81031012926307  1.454967E-19
3.81047609456099  1.625663E-19
3.8106420598589  1.678631E-19
3.81080802515681  1.474924E-19
3.81097399045473  1.695172E-19
3.81113995575264  1.464310E-19
3.81130592105055  1.452709E-19
3.81147188634846  1.524324E-19
3.81163785164638  1.457279E-19
3.81180381694429  1.458235E-19
3.8119697822422  1.447016E-19
3.81213574754012  1.456050E-19
3.81230171283803  1.449784E-19
3.81246767813594  1.444561E-19
3.81263364343385  1.461648E-19
3.81279960873177  1.892591E-19
3.81296557402968  1.490766E-19
3.81313153932759  1.516463E-19
3.81329750462551  1.600909E-19
3.81346346992342  1.455032E-19
3.81362943522133  1.456577E-19
3.81379540051925  1.492786E-19
3.81396136581716  1.445632E-19
3.81412733111507  1.432833E-19
3.81429329641298  1.459094E-19
3.8144592617109  1.538838E-19
3.81462522700881  1.446042E-19
3.81479119230672  1.443129E-19
3.81495715760464  1.434220E-19
3.81512312290255  1.817852E-19
3.81528908820046  1.435568E-19
3.81545505349838  1.444253E-19
3.81562101879629  1.462320E-19
3.8157869840942  1.568441E-19
3.81595294939212  1.482046E-19
3.81611891469003  1.440606E-19
3.81628487998794  1.427476E-19
3.81645084528585  1.803408E-19
3.81661681058377  1.440971E-19
3.81678277588168  1.398890E-19
3.81694874117959  1.418022E-19
3.81711470647751  1.714238E-19
3.81728067177542  1.384485E-19
3.81744663707333  1.638424E-19
3.81761260237124  1.714078E-19
3.81777856766916  1.675367E-19
3.81794453296707  1.773738E-19
3.81811049826498  1.923916E-19
3.8182764635629  1.632936E-19
3.81844242886081  1.690683E-19
3.81860839415872  1.614401E-19
3.81877435945664  1.599298E-19
3.81894032475455  1.613602E-19
3.81910629005246  1.567276E-19
3.81927225535037  1.678694E-19
3.81943822064829  1.575523E-19
3.8196041859462  1.546053E-19
3.81977015124411  1.733917E-19
3.81993611654203  1.554876E-19
3.82010208183994  1.504660E-19
3.82026804713785  1.508098E-19
3.82043401243577  1.487328E-19
3.82059997773368  1.481341E-19
3.82076594303159  1.469017E-19
3.8209319083295  1.468911E-19
3.82109787362742  1.455109E-19
3.82126383892533  1.478733E-19
3.82142980422324  1.472161E-19
3.82159576952116  1.433293E-19
3.82176173481907  1.518674E-19
3.82192770011698  1.420220E-19
3.8220936654149  1.405053E-19
3.82225963071281  1.396034E-19
3.82242559601072  1.376971E-19
3.82259156130863  1.458960E-19
3.82275752660655  1.376857E-19
3.82292349190446  1.367782E-19
3.82308945720237  1.357902E-19
3.82325542250029  1.345020E-19
3.8234213877982  1.334091E-19
3.82358735309611  1.355999E-19
3.82375331839403  1.327478E-19
3.82391928369194  1.354766E-19
3.82408524898985  1.319220E-19
3.82425121428777  1.307951E-19
3.82441717958568  1.294133E-19
3.82458314488359  1.279495E-19
3.8247491101815  1.287418E-19
3.82491507547942  1.268910E-19
3.82508104077733  1.278516E-19
3.82524700607524  1.277846E-19
3.82541297137316  1.269330E-19
3.82557893667107  1.275727E-19
3.82574490196898  1.320362E-19
3.8259108672669  1.305126E-19
3.82607683256481  1.274261E-19
3.82624279786272  1.245559E-19
3.82640876316063  1.252479E-19
3.82657472845855  1.238907E-19
3.82674069375646  1.241922E-19
3.82690665905437  1.226060E-19
3.82707262435229  1.257994E-19
3.8272385896502  1.203350E-19
3.82740455494811  1.195448E-19
3.82757052024603  1.198377E-19
3.82773648554394  1.184792E-19
3.82790245084185  1.192267E-19
3.82806841613976  1.213516E-19
3.82823438143768  1.177042E-19
3.82840034673559  1.175839E-19
3.8285663120335  1.172782E-19
3.82873227733142  1.177756E-19
3.82889824262933  1.182714E-19
3.82906420792724  1.169586E-19
3.82923017322515  1.149455E-19
3.82939613852307  1.151409E-19
3.82956210382098  1.149620E-19
3.82972806911889  1.146627E-19
3.82989403441681  1.144930E-19
3.83005999971472  1.139747E-19
3.83022596501263  1.136064E-19
3.83039193031055  1.130476E-19
3.83055789560846  1.127625E-19
3.83072386090637  1.119657E-19
3.83088982620428  1.123400E-19
3.8310557915022  1.135209E-19
3.83122175680011  1.121860E-19
3.83138772209802  1.118380E-19
3.83155368739594  1.122298E-19
3.83171965269385  1.133501E-19
3.83188561799176  1.109196E-19
3.83205158328968  1.109738E-19
3.83221754858759  1.099045E-19
3.8323835138855  1.105017E-19
3.83254947918341  1.095137E-19
3.83271544448133  1.101788E-19
3.83288140977924  1.092244E-19
3.83304737507715  1.093090E-19
3.83321334037507  1.095891E-19
3.83337930567298  1.093444E-19
3.83354527097089  1.090283E-19
3.83371123626881  1.092638E-19
3.83387720156672  1.088568E-19
3.83404316686463  1.102798E-19
3.83420913216254  1.271390E-19
3.83437509746046  1.747176E-19
3.83454106275837  1.262104E-19
3.83470702805628  1.601650E-19
3.8348729933542  1.094138E-19
3.83503895865211  1.132864E-19
3.83520492395002  1.245859E-19
3.83537088924794  1.084379E-19
3.83553685454585  1.078545E-19
3.83570281984376  1.113081E-19
3.83586878514168  1.082643E-19
3.83603475043959  1.079197E-19
3.8362007157375  1.077517E-19
3.83636668103541  1.098801E-19
3.83653264633333  1.807124E-19
3.83669861163124  1.192261E-19
3.83686457692915  1.385745E-19
3.83703054222707  1.507033E-19
3.83719650752498  1.230034E-19
3.83736247282289  1.191065E-19
3.8375284381208  1.175129E-19
3.83769440341872  1.234683E-19
3.83786036871663  1.126165E-19
3.83802633401454  1.167494E-19
3.83819229931246  1.440884E-19
3.83835826461037  1.154051E-19
3.83852422990828  1.156721E-19
3.8386901952062  1.132456E-19
3.83885616050411  1.400960E-19
3.83902212580202  1.148077E-19
3.83918809109994  1.125036E-19
3.83935405639785  1.109469E-19
3.83952002169576  1.142860E-19
3.83968598699367  1.389184E-19
3.83985195229159  1.071174E-19
3.8400179175895  1.106561E-19
3.84018388288741  1.146719E-19
3.84034984818533  1.518221E-19
3.84051581348324  1.081730E-19
3.84068177878115  1.099472E-19
3.84084774407906  1.070842E-19
3.84101370937698  1.082594E-19
3.84117967467489  1.089548E-19
3.8413456399728  1.386336E-19
3.84151160527072  1.092547E-19
3.84167757056863  1.075287E-19
3.84184353586654  1.284824E-19
3.84200950116446  1.290401E-19
3.84217546646237  1.104858E-19
3.84234143176028  1.115189E-19
3.84250739705819  1.104100E-19
3.84267336235611  1.099778E-19
3.84283932765402  1.097348E-19
3.84300529295193  1.122276E-19
3.84317125824985  1.237116E-19
3.84333722354776  1.135700E-19
3.84350318884567  1.092379E-19
3.84366915414359  1.234950E-19
3.8438351194415  1.335531E-19
3.84400108473941  1.108447E-19
3.84416705003732  1.114251E-19
3.84433301533524  1.105672E-19
3.84449898063315  1.112811E-19
3.84466494593106  1.101567E-19
3.84483091122898  1.125927E-19
3.84499687652689  1.113236E-19
3.8451628418248  1.119182E-19
3.84532880712272  1.228232E-19
3.84549477242063  1.097737E-19
3.84566073771854  1.107821E-19
3.84582670301645  1.311159E-19
3.84599266831437  1.089586E-19
3.84615863361228  1.081941E-19
3.84632459891019  1.095423E-19
3.84649056420811  1.153798E-19
3.84665652950602  1.135596E-19
3.84682249480393  1.152135E-19
3.84698846010185  1.179084E-19
3.84715442539976  1.140621E-19
3.84732039069767  1.107293E-19
3.84748635599559  1.093162E-19
3.8476523212935  1.182316E-19
3.84781828659141  1.115200E-19
3.84798425188932  1.236723E-19
3.84815021718724  1.253793E-19
3.84831618248515  1.164413E-19
3.84848214778306  1.176159E-19
3.84864811308098  1.114199E-19
3.84881407837889  1.129138E-19
3.8489800436768  1.166171E-19
3.84914600897471  1.162987E-19
3.84931197427263  1.156969E-19
3.84947793957054  1.290804E-19
3.84964390486845  1.193159E-19
3.84980987016637  1.134899E-19
3.84997583546428  1.157032E-19
3.85014180076219  1.189187E-19
3.85030776606011  1.128237E-19
3.85047373135802  1.299399E-19
3.85063969665593  1.272561E-19
3.85080566195385  1.152189E-19
3.85097162725176  1.126393E-19
3.85113759254967  1.151363E-19
3.85130355784758  1.149212E-19
3.8514695231455  1.140163E-19
3.85163548844341  1.134026E-19
3.85180145374132  1.148286E-19
3.85196741903924  1.139081E-19
3.85213338433715  1.173287E-19
3.85229934963506  1.195118E-19
3.85246531493297  1.172062E-19
3.85263128023089  1.150312E-19
3.8527972455288  1.186311E-19
3.85296321082671  1.202331E-19
3.85312917612463  1.149887E-19
3.85329514142254  1.193971E-19
3.85346110672045  1.142775E-19
3.85362707201837  1.157393E-19
3.85379303731628  1.212428E-19
3.85395900261419  1.251515E-19
3.8541249679121  1.219213E-19
3.85429093321002  1.209556E-19
3.85445689850793  1.174913E-19
3.85462286380584  1.160023E-19
3.85478882910376  1.190731E-19
3.85495479440167  1.189483E-19
3.85512075969958  1.186334E-19
3.8552867249975  1.209241E-19
3.85545269029541  1.196776E-19
3.85561865559332  1.177503E-19
3.85578462089124  1.222483E-19
3.85595058618915  1.223166E-19
3.85611655148706  1.209180E-19
3.85628251678497  1.207227E-19
3.85644848208289  1.225163E-19
3.8566144473808  1.190403E-19
3.85678041267871  1.190676E-19
3.85694637797663  1.193757E-19
3.85711234327454  1.167946E-19
3.85727830857245  1.207006E-19
3.85744427387036  1.217029E-19
3.85761023916828  1.192151E-19
3.85777620446619  1.184308E-19
3.8579421697641  1.180837E-19
3.85810813506202  1.181275E-19
3.85827410035993  1.167763E-19
3.85844006565784  1.176082E-19
3.85860603095576  1.212483E-19
3.85877199625367  1.213369E-19
3.85893796155158  1.203633E-19
3.8591039268495  1.230544E-19
3.85926989214741  1.230888E-19
3.85943585744532  1.246277E-19
3.85960182274323  1.454564E-19
3.85976778804115  2.289857E-19
3.85993375333906  1.566541E-19
3.86009971863697  1.913616E-19
3.86026568393489  1.252261E-19
3.8604316492328  1.324046E-19
3.86059761453071  1.459895E-19
3.86076357982862  1.264311E-19
3.86092954512654  1.212516E-19
3.86109551042445  1.227462E-19
3.86126147572236  1.230326E-19
3.86142744102028  1.291554E-19
3.86159340631819  1.237801E-19
3.8617593716161  1.326914E-19
3.86192533691402  2.280359E-19
3.86209130221193  1.222613E-19
3.86225726750984  1.292456E-19
3.86242323280776  1.777313E-19
3.86258919810567  1.209210E-19
3.86275516340358  1.262037E-19
3.86292112870149  1.207128E-19
3.86308709399941  1.711723E-19
3.86325305929732  1.558010E-19
3.86341902459523  1.623539E-19
3.86358498989315  2.015010E-19
3.86375095519106  1.561435E-19
3.86391692048897  1.602201E-19
3.86408288578688  1.528877E-19
3.8642488510848  2.361782E-19
3.86441481638271  1.612889E-19
3.86458078168062  1.476258E-19
3.86474674697854  1.452039E-19
3.86491271227645  1.475064E-19
3.86507867757436  2.115081E-19
3.86524464287228  1.460022E-19
3.86541060817019  1.407415E-19
3.8655765734681  1.434302E-19
3.86574253876601  2.739372E-19
3.86590850406393  1.431031E-19
3.86607446936184  1.425506E-19
3.86624043465975  1.404136E-19
3.86640639995767  1.431943E-19
3.86657236525558  1.373422E-19
3.86673833055349  1.733458E-19
3.86690429585141  1.545421E-19
3.86707026114932  1.407170E-19
3.86723622644723  1.355960E-19
3.86740219174515  2.213698E-19
3.86756815704306  1.387561E-19
3.86773412234097  1.363894E-19
3.86790008763888  1.346396E-19
3.8680660529368  1.339045E-19
3.86823201823471  1.312504E-19
3.86839798353262  1.268552E-19
3.86856394883054  1.286326E-19
3.86872991412845  1.656256E-19
3.86889587942636  1.290687E-19
3.86906184472427  1.214906E-19
3.86922781002219  1.368332E-19
3.8693937753201  1.658281E-19
3.86955974061801  1.207770E-19
3.86972570591593  1.177444E-19
3.86989167121384  1.223986E-19
3.87005763651175  1.204579E-19
3.87022360180967  1.201902E-19
3.87038956710758  1.160059E-19
3.87055553240549  1.199523E-19
3.8707214977034  1.165191E-19
3.87088746300132  1.378037E-19
3.87105342829923  1.312369E-19
3.87121939359714  1.213935E-19
3.87138535889506  1.298085E-19
3.87155132419297  1.399162E-19
3.87171728949088  1.162282E-19
3.8718832547888  1.151392E-19
3.87204922008671  1.103220E-19
3.87221518538462  1.111796E-19
3.87238115068253  1.101243E-19
3.87254711598045  1.145406E-19
3.87271308127836  1.130176E-19
3.87287904657627  1.217923E-19
3.87304501187419  1.246046E-19
3.8732109771721  1.279693E-19
3.87337694247001  1.365108E-19
3.87354290776793  1.436326E-19
3.87370887306584  1.133301E-19
3.87387483836375  1.491629E-19
3.87404080366166  1.330420E-19
3.87420676895958  1.167753E-19
3.87437273425749  1.090064E-19
3.8745386995554  1.050238E-19
3.87470466485332  1.268657E-19
3.87487063015123  1.199277E-19
3.87503659544914  1.163902E-19
3.87520256074706  1.079402E-19
3.87536852604497  1.021860E-19
3.87553449134288  1.020355E-19
3.87570045664079  1.011530E-19
3.87586642193871  1.109793E-19
3.87603238723662  1.176052E-19
3.87619835253453  1.114418E-19
3.87636431783245  1.461691E-19
3.87653028313036  1.356315E-19
3.87669624842827  1.073044E-19
3.87686221372619  1.369369E-19
3.8770281790241  1.138724E-19
3.87719414432201  1.056734E-19
3.87736010961993  1.150264E-19
3.87752607491784  1.047359E-19
3.87769204021575  1.004805E-19
3.87785800551366  9.909387E-20
3.87802397081158  9.937906E-20
3.87818993610949  9.997353E-20
3.8783559014074  1.270630E-19
3.87852186670532  1.107838E-19
3.87868783200323  9.927297E-20
3.87885379730114  1.007708E-19
3.87901976259906  1.048008E-19
3.87918572789697  1.671384E-19
3.87935169319488  1.194558E-19
3.87951765849279  9.592448E-20
3.87968362379071  9.659389E-20
3.87984958908862  1.100468E-19
3.88001555438653  1.331602E-19
3.88018151968445  1.180524E-19
3.88034748498236  1.067977E-19
3.88051345028027  1.387541E-19
3.88067941557818  2.139424E-19
3.8808453808761  2.218945E-19
3.88101134617401  2.083063E-19
3.88117731147192  2.005957E-19
3.88134327676984  1.878783E-19
3.88150924206775  1.668225E-19
3.88167520736566  1.333046E-19
3.88184117266358  1.278222E-19
3.88200713796149  1.184147E-19
3.8821731032594  1.499178E-19
3.88233906855731  1.607662E-19
3.88250503385523  1.697349E-19
3.88267099915314  1.369864E-19
3.88283696445105  1.404520E-19
3.88300292974897  1.244636E-19
3.88316889504688  1.242967E-19
3.88333486034479  1.307915E-19
3.88350082564271  1.090391E-19
3.88366679094062  1.190963E-19
3.88383275623853  1.190055E-19
3.88399872153644  1.070706E-19
3.88416468683436  1.004516E-19
3.88433065213227  1.284626E-19
3.88449661743018  1.080127E-19
3.8846625827281  9.372591E-20
3.88482854802601  9.738483E-20
3.88499451332392  9.923215E-20
3.88516047862184  9.540056E-20
3.88532644391975  9.271168E-20
3.88549240921766  1.030973E-19
3.88565837451557  1.053029E-19
3.88582433981349  1.057911E-19
3.8859903051114  1.190209E-19
3.88615627040931  1.069254E-19
3.88632223570723  1.006523E-19
3.88648820100514  1.131325E-19
3.88665416630305  9.532816E-20
3.88682013160097  9.315811E-20
3.88698609689888  9.310180E-20
3.88715206219679  1.503642E-19
3.88731802749471  1.608961E-19
3.88748399279262  1.983218E-19
3.88764995809053  1.058145E-19
3.88781592338844  1.318159E-19
3.88798188868636  1.501147E-19
3.88814785398427  1.123908E-19
3.88831381928218  1.001789E-19
3.8884797845801  1.113860E-19
3.88864574987801  1.079488E-19
3.88881171517592  1.115665E-19
3.88897768047383  9.647634E-20
3.88914364577175  1.001970E-19
3.88930961106966  2.299700E-19
3.88947557636757  1.054803E-19
3.88964154166549  1.032624E-19
3.8898075069634  1.309142E-19
3.88997347226131  1.045336E-19
3.89013943755923  9.372221E-20
3.89030540285714  1.037518E-19
3.89047136815505  1.121105E-19
3.89063733345297  1.383261E-19
3.89080329875088  9.610827E-20
3.89096926404879  1.366581E-19
3.8911352293467  1.029357E-19
3.89130119464462  1.200844E-19
3.89146715994253  1.134299E-19
3.89163312524044  1.398806E-19
3.89179909053836  2.137892E-19
3.89196505583627  9.796245E-20
3.89213102113418  1.003562E-19
3.8922969864321  1.061136E-19
3.89246295173001  1.127252E-19
3.89262891702792  1.337124E-19
3.89279488232583  1.028149E-19
3.89296084762375  1.089293E-19
3.89312681292166  1.066827E-19
3.89329277821957  2.014496E-19
3.89345874351749  9.969822E-20
3.8936247088154  1.021327E-19
3.89379067411331  1.003663E-19
3.89395663941122  1.038275E-19
3.89412260470914  9.809510E-20
3.89428857000705  1.092464E-19
3.89445453530496  1.198325E-19
3.89462050060288  9.690759E-20
3.89478646590079  1.146485E-19
3.8949524311987  1.421338E-19
3.89511839649662  1.410309E-19
3.89528436179453  1.191024E-19
3.89545032709244  1.627819E-19
3.89561629239035  9.695098E-20
3.89578225768827  1.143350E-19
3.89594822298618  1.490332E-19
3.89611418828409  1.188366E-19
3.89628015358201  1.000405E-19
3.89644611887992  1.451446E-19
3.89661208417783  1.498596E-19
3.89677804947575  1.097155E-19
3.89694401477366  1.152506E-19
3.89710998007157  1.677648E-19
3.89727594536948  1.149323E-19
3.8974419106674  1.105130E-19
3.89760787596531  1.005248E-19
3.89777384126322  1.020729E-19
3.89793980656114  1.031386E-19
3.89810577185905  1.050780E-19
3.89827173715696  1.475501E-19
3.89843770245488  1.557273E-19
3.89860366775279  1.137229E-19
3.8987696330507  1.798435E-19
3.89893559834862  1.085555E-19
3.89910156364653  1.019680E-19
3.89926752894444  1.367197E-19
3.89943349424235  1.279678E-19
3.89959945954027  1.009598E-19
3.89976542483818  1.014284E-19
3.89993139013609  1.040683E-19
3.90009735543401  1.227779E-19
3.90026332073192  1.445358E-19
3.90042928602983  1.136084E-19
3.90059525132774  1.016000E-19
3.90076121662566  9.936323E-20
3.90092718192357  1.002805E-19
3.90109314722148  1.350735E-19
3.9012591125194  1.368057E-19
3.90142507781731  1.143283E-19
3.90159104311522  1.052480E-19
3.90175700841314  1.114675E-19
3.90192297371105  1.688264E-19
3.90208893900896  1.358819E-19
3.90225490430688  1.106278E-19
3.90242086960479  1.146795E-19
3.9025868349027  1.217169E-19
3.90275280020061  2.054222E-19
3.90291876549853  1.144479E-19
3.90308473079644  1.212429E-19
3.90325069609435  1.132568E-19
3.90341666139227  1.104410E-19
3.90358262669018  1.035020E-19
3.90374859198809  1.429456E-19
3.903914557286  1.354663E-19
3.90408052258392  1.076061E-19
3.90424648788183  1.117739E-19
3.90441245317974  1.362246E-19
3.90457841847766  1.464916E-19
3.90474438377557  1.161006E-19
3.90491034907348  1.071728E-19
3.9050763143714  1.047344E-19
3.90524227966931  1.070929E-19
3.90540824496722  1.046335E-19
3.90557421026513  1.059556E-19
3.90574017556305  1.141429E-19
3.90590614086096  1.421587E-19
3.90607210615887  1.055080E-19
3.90623807145679  1.048127E-19
3.9064040367547  1.413291E-19
3.90657000205261  1.136205E-19
3.90673596735053  1.058491E-19
3.90690193264844  1.044087E-19
3.90706789794635  1.059803E-19
3.90723386324427  1.114503E-19
3.90739982854218  1.062164E-19
3.90756579384009  1.090535E-19
3.907731759138  1.139801E-19
3.90789772443592  1.083754E-19
3.90806368973383  1.175408E-19
3.90822965503174  1.198648E-19
3.90839562032966  1.067397E-19
3.90856158562757  1.287324E-19
3.90872755092548  1.209733E-19
3.90889351622339  1.102208E-19
3.90905948152131  1.091745E-19
3.90922544681922  1.084194E-19
3.90939141211713  1.067796E-19
3.90955737741505  1.065915E-19
3.90972334271296  1.082989E-19
3.90988930801087  1.094688E-19
3.91005527330879  1.097300E-19
3.9102212386067  1.149583E-19
3.91038720390461  1.121962E-19
3.91055316920253  1.227683E-19
3.91071913450044  1.113968E-19
3.91088509979835  1.129063E-19
3.91105106509626  1.243310E-19
3.91121703039418  1.129202E-19
3.91138299569209  1.113039E-19
3.91154896099  1.113417E-19
3.91171492628792  1.128267E-19
3.91188089158583  1.140108E-19
3.91204685688374  1.103590E-19
3.91221282218165  1.124036E-19
3.91237878747957  1.104330E-19
3.91254475277748  1.127144E-19
3.91271071807539  1.138298E-19
3.91287668337331  1.139189E-19
3.91304264867122  1.130362E-19
3.91320861396913  1.204195E-19
3.91337457926705  1.159030E-19
3.91354054456496  1.241066E-19
3.91370650986287  1.138497E-19
3.91387247516079  1.108844E-19
3.9140384404587  1.273875E-19
3.91420440575661  1.781927E-19
3.91437037105452  1.726501E-19
3.91453633635244  1.710796E-19
3.91470230165035  1.718899E-19
3.91486826694826  1.687129E-19
3.91503423224618  1.687693E-19
3.91520019754409  1.693979E-19
3.915366162842  1.747916E-19
3.91553212813991  1.651263E-19
3.91569809343783  1.605523E-19
3.91586405873574  1.600675E-19
3.91603002403365  1.658041E-19
3.91619598933157  1.624907E-19
3.91636195462948  1.662748E-19
3.91652791992739  1.587459E-19
3.91669388522531  1.597209E-19
3.91685985052322  1.572992E-19
3.91702581582113  1.512639E-19
3.91719178111904  1.468006E-19
3.91735774641696  1.484530E-19
3.91752371171487  1.495933E-19
3.91768967701278  1.473771E-19
3.9178556423107  1.686284E-19
3.91802160760861  2.477916E-19
3.91818757290652  2.068172E-19
3.91835353820444  2.101355E-19
3.91851950350235  2.603566E-19
3.91868546880026  1.450846E-19
3.91885143409818  2.024283E-19
3.91901739939609  3.016956E-19
3.919183364694  1.558261E-19
3.91934932999191  1.435004E-19
3.91951529528983  1.484889E-19
3.91968126058774  1.843495E-19
3.91984722588565  1.312718E-19
3.92001319118357  1.440166E-19
3.92017915648148  1.329529E-19
3.92034512177939  1.304850E-19
3.9205110870773  1.264727E-19
3.92067705237522  1.346365E-19
3.92084301767313  1.332146E-19
3.92100898297104  1.359504E-19
3.92117494826896  1.381758E-19
3.92134091356687  2.910864E-19
3.92150687886478  1.699408E-19
3.9216728441627  1.500592E-19
3.92183880946061  2.487878E-19
3.92200477475852  1.247544E-19
3.92217074005643  1.285654E-19
3.92233670535435  1.504509E-19
3.92250267065226  1.723698E-19
3.92266863595017  1.218770E-19
3.92283460124809  1.179473E-19
3.923000566546  1.191496E-19
3.92316653184391  1.260586E-19
3.92333249714183  2.169550E-19
3.92349846243974  1.232304E-19
3.92366442773765  1.152651E-19
3.92383039303556  1.218177E-19
3.92399635833348  1.139322E-19
3.92416232363139  1.616462E-19
3.9243282889293  1.504610E-19
3.92449425422722  1.126978E-19
3.92466021952513  1.119405E-19
3.92482618482304  1.126480E-19
3.92499215012096  1.452184E-19
3.92515811541887  1.344668E-19
3.92532408071678  1.110830E-19
3.9254900460147  1.163943E-19
3.92565601131261  1.223388E-19
3.92582197661052  2.755453E-19
3.92598794190843  1.265315E-19
3.92615390720635  1.105657E-19
3.92631987250426  1.066214E-19
3.92648583780217  1.091195E-19
3.92665180310009  1.193266E-19
3.926817768398  1.086714E-19
3.92698373369591  1.933496E-19
3.92714969899382  1.062887E-19
3.92731566429174  1.054022E-19
3.92748162958965  1.099076E-19
3.92764759488756  2.605872E-19
3.92781356018548  1.044973E-19
3.92797952548339  1.023933E-19
3.9281454907813  1.137338E-19
3.92831145607922  1.000808E-19
3.92847742137713  9.976868E-20
3.92864338667504  1.002553E-19
3.92880935197295  9.989702E-20
3.92897531727087  1.200693E-19
3.92914128256878  1.380876E-19
3.92930724786669  1.010484E-19
3.92947321316461  1.059191E-19
3.92963917846252  1.872466E-19
3.92980514376043  1.042882E-19
3.92997110905835  9.709734E-20
3.93013707435626  9.583878E-20
3.93030303965417  9.954353E-20
3.93046900495209  1.062236E-19
3.93063497025  9.705532E-20
3.93080093554791  9.587295E-20
3.93096690084582  9.508250E-20
3.93113286614374  9.444158E-20
3.93129883144165  1.057337E-19
3.93146479673956  1.091613E-19
3.93163076203748  9.291115E-20
3.93179672733539  1.088059E-19
3.9319626926333  1.292600E-19
3.93212865793121  9.710474E-20
3.93229462322913  9.182981E-20
3.93246058852704  9.286626E-20
3.93262655382495  9.253266E-20
3.93279251912287  9.274827E-20
3.93295848442078  9.302144E-20
3.93312444971869  9.759950E-20
3.93329041501661  9.909895E-20
3.93345638031452  9.324368E-20
3.93362234561243  9.137112E-20
3.93378831091034  9.641838E-20
3.93395427620826  1.103440E-19
3.93412024150617  9.226024E-20
3.93428620680408  1.105086E-19
3.934452172102  1.005857E-19
3.93461813739991  9.314987E-20
3.93478410269782  9.238407E-20
3.93495006799574  9.654713E-20
3.93511603329365  1.046769E-19
3.93528199859156  1.175976E-19
3.93544796388947  1.332268E-19
3.93561392918739  1.503994E-19
3.9357798944853  1.614013E-19
3.93594585978321  1.676908E-19
3.93611182508113  1.681795E-19
3.93627779037904  1.564791E-19
3.93644375567695  1.343650E-19
3.93660972097487  1.194220E-19
3.93677568627278  1.024931E-19
3.93694165157069  1.360999E-19
3.9371076168686  1.470978E-19
3.93727358216652  1.772348E-19
3.93743954746443  1.416506E-19
3.93760551276234  1.261810E-19
3.93777147806026  1.693207E-19
3.93793744335817  1.233156E-19
3.93810340865608  1.180897E-19
3.938269373954  1.377083E-19
3.93843533925191  1.035861E-19
3.93860130454982  1.210120E-19
3.93876726984774  1.019597E-19
3.93893323514565  9.946623E-20
3.93909920044356  1.012481E-19
3.93926516574147  9.469906E-20
3.93943113103939  1.003117E-19
3.9395970963373  9.964634E-20
3.93976306163521  9.625580E-20
3.93992902693313  1.034176E-19
3.94009499223104  9.100109E-20
3.94026095752895  8.943894E-20
3.94042692282686  8.982555E-20
3.94059288812478  8.993790E-20
3.94075885342269  9.214407E-20
3.9409248187206  9.254162E-20
3.94109078401852  8.877993E-20
3.94125674931643  8.873510E-20
3.94142271461434  9.382271E-20
3.94158867991226  9.367826E-20
3.94175464521017  9.116268E-20
3.94192061050808  9.178879E-20
3.94208657580599  9.368697E-20
3.94225254110391  9.723789E-20
3.94241850640182  1.674259E-19
3.94258447169973  2.301830E-19
3.94275043699765  1.325516E-19
3.94291640229556  2.436055E-19
3.94308236759347  9.817332E-20
3.94324833289139  1.296068E-19
3.9434142981893  2.630338E-19
3.94358026348721  1.127493E-19
3.94374622878513  1.014746E-19
3.94391219408304  1.118891E-19
3.94407815938095  1.806610E-19
3.94424412467886  1.112746E-19
3.94441008997678  1.283144E-19
3.94457605527469  1.061503E-19
3.9447420205726  1.251868E-19
3.94490798587052  1.436702E-19
3.94507395116843  1.552597E-19
3.94523991646634  1.160660E-19
3.94540588176425  1.253368E-19
3.94557184706217  1.565067E-19
3.94573781236008  3.022211E-19
3.94590377765799  2.787160E-19
3.94606974295591  1.849295E-19
3.94623570825382  2.680647E-19
3.94640167355173  1.782451E-19
3.94656763884965  1.194475E-19
3.94673360414756  1.220655E-19
3.94689956944547  2.189593E-19
3.94706553474338  1.618214E-19
3.9472315000413  1.513037E-19
3.94739746533921  1.258514E-19
3.94756343063712  1.703350E-19
3.94772939593504  2.260156E-19
3.94789536123295  2.259220E-19
3.94806132653086  1.772036E-19
3.94822729182878  1.767484E-19
3.94839325712669  1.778358E-19
3.9485592224246  1.845992E-19
3.94872518772251  3.787072E-19
3.94889115302043  1.781343E-19
3.94905711831834  1.685091E-19
3.94922308361625  1.708613E-19
3.94938904891417  1.613429E-19
3.94955501421208  2.842105E-19
3.94972097950999  1.582673E-19
3.94988694480791  1.594345E-19
3.95005291010582  1.509156E-19
3.95021887540373  1.741240E-19
3.95038484070165  3.464106E-19
3.95055080599956  1.549579E-19
3.95071677129747  1.645390E-19
3.95088273659538  1.550488E-19
3.9510487018933  1.513896E-19
3.95121466719121  1.516408E-19
3.95138063248912  1.647780E-19
3.95154659778704  2.510799E-19
3.95171256308495  1.505710E-19
3.95187852838286  1.502147E-19
3.95204449368077  1.505416E-19
3.95221045897869  3.520270E-19
3.9523764242766  1.581943E-19
3.95254238957451  1.539653E-19
3.95270835487243  1.522908E-19
3.95287432017034  1.603457E-19
3.95304028546825  1.457735E-19
3.95320625076617  1.508514E-19
3.95337221606408  1.651595E-19
3.95353818136199  1.683684E-19
3.95370414665991  2.495761E-19
3.95387011195782  1.514580E-19
3.95403607725573  1.334918E-19
3.95420204255364  1.674967E-19
3.95436800785156  2.611974E-19
3.95453397314947  1.412958E-19
3.95469993844738  1.383253E-19
3.9548659037453  1.557129E-19
3.95503186904321  1.589632E-19
3.95519783434112  1.549263E-19
3.95536379963903  1.600288E-19
3.95552976493695  1.632142E-19
3.95569573023486  1.627730E-19
3.95586169553277  1.592804E-19
3.95602766083069  2.051362E-19
3.9561936261286  1.710496E-19
3.95635959142651  1.635408E-19
3.95652555672443  1.865728E-19
3.95669152202234  2.264985E-19
3.95685748732025  1.609114E-19
3.95702345261816  3.505352E-19
3.95718941791608  1.569822E-19
3.95735538321399  1.676271E-19
3.9575213485119  1.691679E-19
3.95768731380982  1.660918E-19
3.95785327910773  1.597664E-19
3.95801924440564  3.031712E-19
3.95818520970356  1.548359E-19
3.95835117500147  1.624194E-19
3.95851714029938  1.549703E-19
3.9586831055973  1.913689E-19
3.95884907089521  1.563155E-19
3.95901503619312  1.555645E-19
3.95918100149103  2.103428E-19
3.95934696678895  1.484560E-19
3.95951293208686  1.519850E-19
3.95967889738477  1.534639E-19
3.95984486268269  1.518271E-19
3.9600108279806  1.541925E-19
3.96017679327851  1.518914E-19
3.96034275857642  1.531568E-19
3.96050872387434  1.556578E-19
3.96067468917225  1.560658E-19
3.96084065447016  1.564344E-19
3.96100661976808  1.544820E-19
3.96117258506599  1.562067E-19
3.9613385503639  1.581690E-19
3.96150451566182  1.912258E-19
3.96167048095973  1.680543E-19
3.96183644625764  1.722738E-19
3.96200241155556  1.890907E-19
3.96216837685347  1.583699E-19
3.96233434215138  1.590661E-19
3.96250030744929  1.616367E-19
3.96266627274721  1.629272E-19
3.96283223804512  1.621259E-19
3.96299820334303  1.628961E-19
3.96316416864095  1.621252E-19
3.96333013393886  1.615797E-19
3.96349609923677  1.613102E-19
3.96366206453468  1.628116E-19
3.9638280298326  1.661933E-19
3.96399399513051  1.606998E-19
3.96415996042842  1.576615E-19
3.96432592572634  1.700319E-19
3.96449189102425  1.819337E-19
3.96465785632216  1.778212E-19
3.96482382162008  1.687993E-19
3.96498978691799  2.022122E-19
3.9651557522159  1.748187E-19
3.96532171751382  1.738395E-19
3.96548768281173  1.707972E-19
3.96565364810964  1.702107E-19
3.96581961340755  1.727501E-19
3.96598557870547  1.771719E-19
3.96615154400338  1.859587E-19
3.96631750930129  1.817405E-19
3.96648347459921  1.759032E-19
3.96664943989712  1.813825E-19
3.96681540519503  1.878118E-19
3.96698137049294  1.832801E-19
3.96714733579086  1.786233E-19
3.96731330108877  1.800264E-19
3.96747926638668  1.837650E-19
3.9676452316846  1.836875E-19
3.96781119698251  2.052249E-19
3.96797716228042  1.978873E-19
3.96814312757834  2.127235E-19
3.96830909287625  1.973295E-19
3.96847505817416  2.006710E-19
3.96864102347207  2.225634E-19
3.96880698876999  5.314885E-19
3.9689729540679  3.690616E-19
3.96913891936581  4.573730E-19
3.96930488466373  3.434813E-19
3.96947084996164  2.884607E-19
3.96963681525955  4.254803E-19
3.96980278055747  2.303431E-19
3.96996874585538  2.771534E-19
3.97013471115329  2.856257E-19
3.97030067645121  3.287620E-19
3.97046664174912  2.699268E-19
3.97063260704703  2.528880E-19
3.97079857234494  2.679761E-19
3.97096453764286  2.655733E-19
3.97113050294077  2.544190E-19
3.97129646823868  2.528006E-19
3.9714624335366  2.557054E-19
3.97162839883451  2.979673E-19
3.97179436413242  3.977774E-19
3.97196032943033  9.170501E-19
3.97212629472825  6.147958E-19
3.97229226002616  5.456327E-19
3.97245822532407  5.128036E-19
3.97262419062199  4.217500E-19
3.9727901559199  3.749254E-19
3.97295612121781  4.048569E-19
3.97312208651573  4.715129E-19
3.97328805181364  5.097022E-19
3.97345401711155  3.627953E-19
3.97361998240947  3.813387E-19
3.97378594770738  3.636909E-19
3.97395191300529  5.278996E-19
3.9741178783032  5.404320E-19
3.97428384360112  3.974135E-19
3.97444980889903  4.349666E-19
3.97461577419694  3.600790E-19
3.97478173949486  4.022102E-19
3.97494770479277  1.190462E-18
3.97511367009068  4.514847E-19
3.97527963538859  4.050681E-19
3.97544560068651  3.819760E-19
3.97561156598442  4.028054E-19
3.97577753128233  6.960142E-19
3.97594349658025  4.942403E-19
3.97610946187816  3.525371E-19
3.97627542717607  3.792591E-19
3.97644139247399  3.612400E-19
3.9766073577719  6.892805E-19
3.97677332306981  5.105271E-19
3.97693928836773  3.961314E-19
3.97710525366564  3.358391E-19
3.97727121896355  3.703512E-19
3.97743718426146  3.909810E-19
3.97760314955938  4.637341E-19
3.97776911485729  5.824251E-19
3.9779350801552  4.550082E-19
3.97810104545312  3.378402E-19
3.97826701075103  3.334730E-19
3.97843297604894  3.663015E-19
3.97859894134685  8.287419E-19
3.97876490664477  4.048784E-19
3.97893087194268  3.518185E-19
3.97909683724059  3.683463E-19
3.97926280253851  3.460072E-19
3.97942876783642  3.896102E-19
3.97959473313433  3.166190E-19
3.97976069843225  3.303941E-19
3.97992666373016  3.115827E-19
3.98009262902807  5.540398E-19
3.98025859432598  3.622610E-19
3.9804245596239  3.536074E-19
3.98059052492181  3.264282E-19
3.98075649021972  6.523560E-19
3.98092245551764  3.529739E-19
3.98108842081555  3.130913E-19
3.98125438611346  3.026655E-19
3.98142035141138  3.106867E-19
3.98158631670929  2.929085E-19
3.9817522820072  3.024631E-19
3.98191824730512  3.161729E-19
3.98208421260303  2.837862E-19
3.98225017790094  2.768559E-19
3.98241614319885  2.952359E-19
3.98258210849677  4.353082E-19
3.98274807379468  2.989936E-19
3.98291403909259  2.892712E-19
3.98308000439051  3.044547E-19
3.98324596968842  4.370725E-19
3.98341193498633  2.868126E-19
3.98357790028424  3.011532E-19
3.98374386558216  2.846801E-19
3.98390983088007  2.924296E-19
3.98407579617798  2.779655E-19
3.9842417614759  2.657021E-19
3.98440772677381  2.594861E-19
3.98457369207172  2.822472E-19
3.98473965736964  2.945807E-19
3.98490562266755  2.960781E-19
3.98507158796546  2.956553E-19
3.98523755326337  2.927978E-19
3.98540351856129  4.097131E-19
3.9855694838592  3.162355E-19
3.98573544915711  2.900699E-19
3.98590141445503  5.071529E-19
3.98606737975294  3.427641E-19
3.98623334505085  2.954083E-19
3.98639931034877  3.419413E-19
3.98656527564668  2.822045E-19
3.98673124094459  5.542786E-19
3.9868972062425  2.941389E-19
3.98706317154042  2.796103E-19
3.98722913683833  3.486339E-19
3.98739510213624  3.182472E-19
3.98756106743416  3.514300E-19
3.98772703273207  4.339619E-19
3.98789299802998  2.820913E-19
3.9880589633279  2.858643E-19
3.98822492862581  2.895321E-19
3.98839089392372  4.212983E-19
3.98855685922163  3.433650E-19
3.98872282451955  3.156322E-19
3.98888878981746  3.144056E-19
3.98905475511537  2.555151E-19
3.98922072041329  2.579376E-19
3.9893866857112  2.510258E-19
3.98955265100911  2.497706E-19
3.98971861630703  2.499649E-19
3.98988458160494  2.512330E-19
3.99005054690285  2.531648E-19
3.99021651220077  2.535949E-19
3.99038247749868  2.571517E-19
3.99054844279659  2.754361E-19
3.9907144080945  4.182916E-19
3.99088037339242  5.435231E-19
3.99104633869033  3.429747E-19
3.99121230398824  4.992837E-19
3.99137826928616  2.835690E-19
3.99154423458407  3.288089E-19
3.99171019988198  3.684840E-19
3.99187616517989  3.164561E-19
3.99204213047781  3.208423E-19
3.99220809577572  2.632056E-19
3.99237406107363  2.830575E-19
3.99254002637155  2.934867E-19
3.99270599166946  2.612224E-19
3.99287195696737  2.661716E-19
3.99303792226529  2.637351E-19
3.9932038875632  2.810747E-19
3.99336985286111  4.967515E-19
3.99353581815903  2.792720E-19
3.99370178345694  2.700697E-19
3.99386774875485  2.680616E-19
3.99403371405276  2.777831E-19
3.99419967935068  3.034765E-19
3.99436564464859  5.490890E-19
3.9945316099465  3.757308E-19
3.99469757524442  2.911391E-19
3.99486354054233  2.899273E-19
3.99502950584024  3.259523E-19
3.99519547113815  2.864893E-19
3.99536143643607  4.774765E-19
3.99552740173398  3.454464E-19
3.99569336703189  3.034201E-19
3.99585933232981  2.897150E-19
3.99602529762772  3.055680E-19
3.99619126292563  4.474726E-19
3.99635722822355  4.833122E-19
3.99652319352146  3.128221E-19
3.99668915881937  2.982560E-19
3.99685512411728  2.969814E-19
3.9970210894152  3.024194E-19
3.99718705471311  3.135674E-19
3.99735302001102  3.857763E-19
3.99751898530894  7.022481E-19
3.99768495060685  9.028748E-19
3.99785091590476  4.476799E-19
3.99801688120268  4.622229E-19
3.99818284650059  5.987217E-19
3.9983488117985  7.304322E-19
3.99851477709641  3.667342E-19
3.99868074239433  3.838205E-19
3.99884670769224  5.029147E-19
3.99901267299015  3.886915E-19
3.99917863828807  3.616835E-19
3.99934460358598  3.221576E-19
3.99951056888389  3.237246E-19
3.99967653418181  3.296828E-19
3.99984249947972  3.424785E-19
4.00000846477763  5.042939E-19
4.00017443007555  3.861282E-19
4.00034039537346  4.150871E-19
4.00050636067137  8.404046E-19
4.00067232596928  6.045146E-19
4.0008382912672  4.407805E-19
4.00100425656511  5.233778E-19
4.00117022186302  5.817179E-19
4.00133618716094  3.919482E-19
4.00150215245885  3.879296E-19
4.00166811775676  4.024269E-19
4.00183408305468  5.020351E-19
4.00200004835259  4.213976E-19
4.0021660136505  3.747536E-19
4.00233197894841  3.824981E-19
4.00249794424633  4.548420E-19
4.00266390954424  6.684214E-19
4.00282987484215  4.814966E-19
4.00299584014007  5.715075E-19
4.00316180543798  4.959732E-19
4.00332777073589  4.646334E-19
4.00349373603381  7.045615E-19
4.00365970133172  6.239415E-19
4.00382566662963  4.583288E-19
4.00399163192754  4.587295E-19
4.00415759722546  4.981873E-19
4.00432356252337  5.030187E-19
4.00448952782128  8.192717E-19
4.0046554931192  4.974919E-19
4.00482145841711  4.947708E-19
4.00498742371502  5.060120E-19
4.00515338901294  5.525129E-19
4.00531935431085  1.053335E-18
4.00548531960876  6.654355E-19
4.00565128490667  6.059622E-19
4.00581725020459  5.945121E-19
4.0059832155025  5.777160E-19
4.00614918080041  6.524333E-19
4.00631514609833  7.004953E-19
4.00648111139624  7.629064E-19
4.00664707669415  9.364507E-19
4.00681304199206  8.436231E-19
4.00697900728998  7.580851E-19
4.00714497258789  8.450585E-19
4.0073109378858  1.066962E-18
4.00747690318372  1.139052E-18
4.00764286848163  8.111348E-19
4.00780883377954  1.008855E-18
4.00797479907746  8.688109E-19
4.00814076437537  1.370295E-18
4.00830672967328  9.208148E-19
4.00847269497119  8.786454E-19
4.00863866026911  1.000313E-18
4.00880462556702  1.132981E-18
4.00897059086493  1.415334E-18
4.00913655616285  1.391491E-18
4.00930252146076  9.750573E-19
4.00946848675867  1.008414E-18
4.00963445205659  1.285766E-18
4.0098004173545  1.307786E-18
4.00996638265241  1.302557E-18
4.01013234795032  1.021777E-18
4.01029831324824  1.001845E-18
4.01046427854615  1.019864E-18
4.01063024384406  1.017359E-18
4.01079620914198  1.050504E-18
4.01096217443989  1.105486E-18
4.0111281397378  1.132177E-18
4.01129410503572  1.184236E-18
4.01146007033363  1.258313E-18
4.01162603563154  1.525834E-18
4.01179200092945  1.375039E-18
4.01195796622737  1.470967E-18
4.01212393152528  1.827705E-18
4.01228989682319  3.373653E-18
4.01245586212111  1.834572E-18
4.01262182741902  2.340463E-18
4.01278779271693  1.854898E-18
4.01295375801485  1.679336E-18
4.01311972331276  1.749977E-18
4.01328568861067  1.991216E-18
4.01345165390859  1.717661E-18
4.0136176192065  1.715209E-18
4.01378358450441  1.770234E-18
4.01394954980232  1.907074E-18
4.01411551510024  1.860669E-18
4.01428148039815  1.881812E-18
4.01444744569606  2.023740E-18
4.01461341099398  2.089754E-18
4.01477937629189  2.602438E-18
4.0149453415898  2.330136E-18
4.01511130688771  2.434192E-18
4.01527727218563  2.231753E-18
4.01544323748354  2.286258E-18
4.01560920278145  2.406197E-18
4.01577516807937  2.765106E-18
4.01594113337728  4.050106E-18
4.01610709867519  2.660659E-18
4.01627306397311  2.625641E-18
4.01643902927102  2.683408E-18
4.01660499456893  2.713602E-18
4.01677095986685  2.932709E-18
4.01693692516476  3.712428E-18
4.01710289046267  2.977361E-18
4.01726885576058  3.021671E-18
4.0174348210585  3.142525E-18
4.01760078635641  3.310808E-18
4.01776675165432  5.061287E-18
4.01793271695224  3.844151E-18
4.01809868225015  3.580107E-18
4.01826464754806  3.597896E-18
4.01843061284598  3.462151E-18
4.01859657814389  3.527350E-18
4.0187625434418  3.575003E-18
4.01892850873971  3.691406E-18
4.01909447403763  4.501365E-18
4.01926043933554  4.042051E-18
4.01942640463345  3.949739E-18
4.01959236993137  4.054772E-18
4.01975833522928  4.235260E-18
4.01992430052719  6.117482E-18
4.02009026582511  4.342200E-18
4.02025623112302  4.356402E-18
4.02042219642093  4.423034E-18
4.02058816171884  4.543024E-18
4.02075412701676  4.623025E-18
4.02092009231467  4.676112E-18
4.02108605761258  4.803067E-18
4.0212520229105  4.843501E-18
4.02141798820841  4.978862E-18
4.02158395350632  5.805701E-18
4.02174991880423  5.335198E-18
4.02191588410215  5.311128E-18
4.02208184940006  5.469665E-18
4.02224781469797  6.741766E-18
4.02241377999589  5.610090E-18
4.0225797452938  5.627675E-18
4.02274571059171  5.750798E-18
4.02291167588963  5.808339E-18
4.02307764118754  5.939673E-18
4.02324360648545  6.097748E-18
4.02340957178336  6.159639E-18
4.02357553708128  6.241892E-18
4.02374150237919  6.336613E-18
4.0239074676771  6.501504E-18
4.02407343297502  6.664777E-18
4.02423939827293  6.907889E-18
4.02440536357084  6.837995E-18
4.02457132886876  6.951162E-18
4.02473729416667  7.904593E-18
4.02490325946458  7.230653E-18
4.0250692247625  7.293414E-18
4.02523519006041  7.388146E-18
4.02540115535832  7.569119E-18
4.02556712065623  7.709139E-18
4.02573308595415  7.868925E-18
4.02589905125206  7.906605E-18
4.02606501654997  8.029999E-18
4.02623098184789  8.220958E-18
4.0263969471458  8.360723E-18
4.02656291244371  8.485428E-18
4.02672887774162  8.665538E-18
4.02689484303954  8.871446E-18
4.02706080833745  8.978470E-18
4.02722677363536  9.060371E-18
4.02739273893328  9.515222E-18
4.02755870423119  9.537188E-18
4.0277246695291  9.693425E-18
4.02789063482702  9.881907E-18
4.02805660012493  1.014604E-17
4.02822256542284  1.034640E-17
4.02838853072076  1.041084E-17
4.02855449601867  1.070956E-17
4.02872046131658  1.118822E-17
4.02888642661449  1.143102E-17
4.02905239191241  1.158631E-17
4.02921835721032  1.201150E-17
4.02938432250823  1.214097E-17
4.02955028780615  1.239466E-17
4.02971625310406  1.276485E-17
4.02988221840197  1.375241E-17
4.03004818369988  1.310901E-17
4.0302141489978  1.387061E-17
4.03038011429571  1.379938E-17
4.03054607959362  1.589795E-17
4.03071204489154  1.442710E-17
4.03087801018945  1.488978E-17
4.03104397548736  1.638456E-17
4.03120994078528  1.608973E-17
4.03137590608319  1.702970E-17
4.0315418713811  1.731835E-17
4.03170783667902  1.647806E-17
4.03187380197693  1.701744E-17
4.03203976727484  1.742672E-17
4.03220573257275  1.812792E-17
4.03237169787067  1.907529E-17
4.03253766316858  1.854530E-17
4.03270362846649  1.913824E-17
4.03286959376441  1.943428E-17
4.03303555906232  2.003959E-17
4.03320152436023  2.054118E-17
4.03336748965814  2.090638E-17
4.03353345495606  2.137459E-17
4.03369942025397  2.173724E-17
4.03386538555188  2.210054E-17
4.0340313508498  2.270000E-17
4.03419731614771  2.308495E-17
4.03436328144562  2.346681E-17
4.03452924674354  2.463657E-17
4.03469521204145  2.988527E-17
4.03486117733936  2.482095E-17
4.03502714263727  2.586861E-17
4.03519310793519  2.565759E-17
4.0353590732331  2.489051E-17
4.03552503853101  2.493077E-17
4.03569100382893  2.545279E-17
4.03585696912684  2.502349E-17
4.03602293442475  2.471456E-17
4.03618889972267  2.447772E-17
4.03635486502058  2.410228E-17
4.03652083031849  2.391028E-17
4.03668679561641  2.368433E-17
4.03685276091432  2.327910E-17
4.03701872621223  2.284294E-17
4.03718469151014  2.271046E-17
4.03735065680806  2.185037E-17
4.03751662210597  2.095593E-17
4.03768258740388  2.035002E-17
4.0378485527018  1.984364E-17
4.03801451799971  1.891215E-17
4.03818048329762  1.858417E-17
4.03834644859553  1.979013E-17
4.03851241389345  1.729375E-17
4.03867837919136  1.976976E-17
